env_step,pqn_Freeway-MinAtar - test_returned_episode_returns
4096,0.0234375
8192,0.0234375
12288,0.0234375
16384,0.0234375
20480,0.0234375
24576,0.0234375
28672,0.0234375
32768,0.0234375
36864,0.0234375
40960,0.0234375
45056,0.0234375
49152,0.0234375
53248,0.0234375
57344,0.0234375
61440,0.0234375
65536,0.0234375
69632,0.0234375
73728,0.0234375
77824,0.0234375
81920,0.0234375
86016,0.0234375
90112,0.0234375
94208,0.0234375
98304,0.0234375
102400,0.0234375
106496,0.0234375
110592,0.0234375
114688,0.0234375
118784,0.0234375
122880,0.0234375
126976,0.0234375
131072,0.0234375
135168,0.0234375
139264,0.0234375
143360,0.0234375
147456,0.0234375
151552,0.0234375
155648,0.0234375
159744,0.0234375
163840,0.0234375
167936,0.0234375
172032,0.0234375
176128,0.0234375
180224,0.0234375
184320,0.0234375
188416,0.0234375
192512,0.0234375
196608,0.0234375
200704,0.0234375
204800,0.0234375
208896,0.0234375
212992,0.0234375
217088,0.0234375
221184,0.0234375
225280,0.0234375
229376,0.0234375
233472,0.0234375
237568,0.0234375
241664,0.0234375
245760,0.0234375
249856,0.0234375
253952,0.0234375
258048,0.0234375
262144,0.0234375
266240,0.0234375
270336,0.0234375
274432,0.0234375
278528,0.0234375
282624,0.0234375
286720,0.0234375
290816,0.0234375
294912,0.0234375
299008,0.0234375
303104,0.0234375
307200,0.0234375
311296,0.0234375
315392,0.0234375
319488,0.0234375
323584,0.0234375
327680,0.0234375
331776,0.0234375
335872,0.0234375
339968,0.0234375
344064,0.0234375
348160,0.0234375
352256,0.0234375
356352,0.0234375
360448,0.0234375
364544,0.0234375
368640,0.0234375
372736,0.0234375
376832,0.0234375
380928,0.0234375
385024,0.0234375
389120,0.0234375
393216,0.0234375
397312,0.0234375
401408,0.0234375
405504,0.0234375
409600,0.0234375
413696,0.0234375
417792,0.0234375
421888,0.0234375
425984,0.0234375
430080,0.0234375
434176,0.0234375
438272,0.0234375
442368,0.0234375
446464,0.0234375
450560,0.0234375
454656,0.0234375
458752,0.0234375
462848,0.0234375
466944,0.0234375
471040,0.0234375
475136,0.0234375
479232,0.0234375
483328,0.0234375
487424,0.0234375
491520,0.0234375
495616,0.0234375
499712,0.0234375
503808,0.0234375
507904,0.0234375
512000,0.0234375
516096,0.0234375
520192,0.0234375
524288,0.0234375
528384,0.0234375
532480,0.0234375
536576,0.0234375
540672,0.0234375
544768,0.0234375
548864,0.0234375
552960,0.0234375
557056,0.0234375
561152,0.0234375
565248,0.0234375
569344,0.0234375
573440,0.0234375
577536,0.0234375
581632,0.0234375
585728,0.0234375
589824,0.0234375
593920,0.0234375
598016,0.0234375
602112,0.0234375
606208,0.0234375
610304,0.0234375
614400,0.0234375
618496,0.0234375
622592,0.0234375
626688,0.0234375
630784,0.0234375
634880,0.0234375
638976,0.0234375
643072,0.0234375
647168,0.0234375
651264,0.0234375
655360,0.0234375
659456,0.0234375
663552,0.0234375
667648,0.0234375
671744,0.0234375
675840,0.0234375
679936,0.0234375
684032,0.0234375
688128,0.0234375
692224,0.0234375
696320,0.0234375
700416,0.0234375
704512,0.0234375
708608,0.0234375
712704,0.0234375
716800,0.0234375
720896,0.0234375
724992,0.0234375
729088,0.0234375
733184,0.0234375
737280,0.0234375
741376,0.0234375
745472,0.0234375
749568,0.0234375
753664,0.0234375
757760,0.0234375
761856,0.0234375
765952,0.0234375
770048,0.0234375
774144,0.0234375
778240,0.0234375
782336,0.0234375
786432,0.0234375
790528,0.0234375
794624,0.0234375
798720,0.0234375
802816,0.0234375
806912,0.0234375
811008,0.0234375
815104,0.0234375
819200,0.0234375
823296,0.0234375
827392,0.0234375
831488,0.0234375
835584,0.0234375
839680,0.0234375
843776,0.0234375
847872,0.0234375
851968,0.0234375
856064,0.0234375
860160,0.0234375
864256,0.0234375
868352,0.0234375
872448,0.0234375
876544,0.0234375
880640,0.0234375
884736,0.0234375
888832,0.0234375
892928,0.0234375
897024,0.0234375
901120,0.0234375
905216,0.0234375
909312,0.0234375
913408,0.0234375
917504,0.0234375
921600,0.0234375
925696,0.0234375
929792,0.0234375
933888,0.0234375
937984,0.0234375
942080,0.0234375
946176,0.0234375
950272,0.0234375
954368,0.0234375
958464,0.0234375
962560,0.0234375
966656,0.0234375
970752,0.0234375
974848,0.0234375
978944,0.0234375
983040,0.0234375
987136,0.0234375
991232,0.0234375
995328,0.0234375
999424,34.4765625
1003520,34.4765625
1007616,34.4765625
1011712,34.4765625
1015808,34.4765625
1019904,34.4765625
1024000,34.4765625
1028096,34.4765625
1032192,34.4765625
1036288,34.4765625
1040384,34.4765625
1044480,34.4765625
1048576,34.4765625
1052672,34.4765625
1056768,34.4765625
1060864,34.4765625
1064960,34.4765625
1069056,34.4765625
1073152,34.4765625
1077248,34.4765625
1081344,34.4765625
1085440,34.4765625
1089536,34.4765625
1093632,34.4765625
1097728,34.4765625
1101824,34.4765625
1105920,34.4765625
1110016,34.4765625
1114112,34.4765625
1118208,34.4765625
1122304,34.4765625
1126400,34.4765625
1130496,34.4765625
1134592,34.4765625
1138688,34.4765625
1142784,34.4765625
1146880,34.4765625
1150976,34.4765625
1155072,34.4765625
1159168,34.4765625
1163264,34.4765625
1167360,34.4765625
1171456,34.4765625
1175552,34.4765625
1179648,34.4765625
1183744,34.4765625
1187840,34.4765625
1191936,34.4765625
1196032,34.4765625
1200128,34.4765625
1204224,34.4765625
1208320,34.4765625
1212416,34.4765625
1216512,34.4765625
1220608,34.4765625
1224704,34.4765625
1228800,34.4765625
1232896,34.4765625
1236992,34.4765625
1241088,34.4765625
1245184,34.4765625
1249280,34.4765625
1253376,34.4765625
1257472,34.4765625
1261568,34.4765625
1265664,34.4765625
1269760,34.4765625
1273856,34.4765625
1277952,34.4765625
1282048,34.4765625
1286144,34.4765625
1290240,34.4765625
1294336,34.4765625
1298432,34.4765625
1302528,34.4765625
1306624,34.4765625
1310720,34.4765625
1314816,34.4765625
1318912,34.4765625
1323008,34.4765625
1327104,34.4765625
1331200,34.4765625
1335296,34.4765625
1339392,34.4765625
1343488,34.4765625
1347584,34.4765625
1351680,34.4765625
1355776,34.4765625
1359872,34.4765625
1363968,34.4765625
1368064,34.4765625
1372160,34.4765625
1376256,34.4765625
1380352,34.4765625
1384448,34.4765625
1388544,34.4765625
1392640,34.4765625
1396736,34.4765625
1400832,34.4765625
1404928,34.4765625
1409024,34.4765625
1413120,34.4765625
1417216,34.4765625
1421312,34.4765625
1425408,34.4765625
1429504,34.4765625
1433600,34.4765625
1437696,34.4765625
1441792,34.4765625
1445888,34.4765625
1449984,34.4765625
1454080,34.4765625
1458176,34.4765625
1462272,34.4765625
1466368,34.4765625
1470464,34.4765625
1474560,34.4765625
1478656,34.4765625
1482752,34.4765625
1486848,34.4765625
1490944,34.4765625
1495040,34.4765625
1499136,34.4765625
1503232,34.4765625
1507328,34.4765625
1511424,34.4765625
1515520,34.4765625
1519616,34.4765625
1523712,34.4765625
1527808,34.4765625
1531904,34.4765625
1536000,34.4765625
1540096,34.4765625
1544192,34.4765625
1548288,34.4765625
1552384,34.4765625
1556480,34.4765625
1560576,34.4765625
1564672,34.4765625
1568768,34.4765625
1572864,34.4765625
1576960,34.4765625
1581056,34.4765625
1585152,34.4765625
1589248,34.4765625
1593344,34.4765625
1597440,34.4765625
1601536,34.4765625
1605632,34.4765625
1609728,34.4765625
1613824,34.4765625
1617920,34.4765625
1622016,34.4765625
1626112,34.4765625
1630208,34.4765625
1634304,34.4765625
1638400,34.4765625
1642496,34.4765625
1646592,34.4765625
1650688,34.4765625
1654784,34.4765625
1658880,34.4765625
1662976,34.4765625
1667072,34.4765625
1671168,34.4765625
1675264,34.4765625
1679360,34.4765625
1683456,34.4765625
1687552,34.4765625
1691648,34.4765625
1695744,34.4765625
1699840,34.4765625
1703936,34.4765625
1708032,34.4765625
1712128,34.4765625
1716224,34.4765625
1720320,34.4765625
1724416,34.4765625
1728512,34.4765625
1732608,34.4765625
1736704,34.4765625
1740800,34.4765625
1744896,34.4765625
1748992,34.4765625
1753088,34.4765625
1757184,34.4765625
1761280,34.4765625
1765376,34.4765625
1769472,34.4765625
1773568,34.4765625
1777664,34.4765625
1781760,34.4765625
1785856,34.4765625
1789952,34.4765625
1794048,34.4765625
1798144,34.4765625
1802240,34.4765625
1806336,34.4765625
1810432,34.4765625
1814528,34.4765625
1818624,34.4765625
1822720,34.4765625
1826816,34.4765625
1830912,34.4765625
1835008,34.4765625
1839104,34.4765625
1843200,34.4765625
1847296,34.4765625
1851392,34.4765625
1855488,34.4765625
1859584,34.4765625
1863680,34.4765625
1867776,34.4765625
1871872,34.4765625
1875968,34.4765625
1880064,34.4765625
1884160,34.4765625
1888256,34.4765625
1892352,34.4765625
1896448,34.4765625
1900544,34.4765625
1904640,34.4765625
1908736,34.4765625
1912832,34.4765625
1916928,34.4765625
1921024,34.4765625
1925120,34.4765625
1929216,34.4765625
1933312,34.4765625
1937408,34.4765625
1941504,34.4765625
1945600,34.4765625
1949696,34.4765625
1953792,34.4765625
1957888,34.4765625
1961984,34.4765625
1966080,34.4765625
1970176,34.4765625
1974272,34.4765625
1978368,34.4765625
1982464,34.4765625
1986560,34.4765625
1990656,34.4765625
1994752,34.4765625
1998848,59.2734375
2002944,59.2734375
2007040,59.2734375
2011136,59.2734375
2015232,59.2734375
2019328,59.2734375
2023424,59.2734375
2027520,59.2734375
2031616,59.2734375
2035712,59.2734375
2039808,59.2734375
2043904,59.2734375
2048000,59.2734375
2052096,59.2734375
2056192,59.2734375
2060288,59.2734375
2064384,59.2734375
2068480,59.2734375
2072576,59.2734375
2076672,59.2734375
2080768,59.2734375
2084864,59.2734375
2088960,59.2734375
2093056,59.2734375
2097152,59.2734375
2101248,59.2734375
2105344,59.2734375
2109440,59.2734375
2113536,59.2734375
2117632,59.2734375
2121728,59.2734375
2125824,59.2734375
2129920,59.2734375
2134016,59.2734375
2138112,59.2734375
2142208,59.2734375
2146304,59.2734375
2150400,59.2734375
2154496,59.2734375
2158592,59.2734375
2162688,59.2734375
2166784,59.2734375
2170880,59.2734375
2174976,59.2734375
2179072,59.2734375
2183168,59.2734375
2187264,59.2734375
2191360,59.2734375
2195456,59.2734375
2199552,59.2734375
2203648,59.2734375
2207744,59.2734375
2211840,59.2734375
2215936,59.2734375
2220032,59.2734375
2224128,59.2734375
2228224,59.2734375
2232320,59.2734375
2236416,59.2734375
2240512,59.2734375
2244608,59.2734375
2248704,59.2734375
2252800,59.2734375
2256896,59.2734375
2260992,59.2734375
2265088,59.2734375
2269184,59.2734375
2273280,59.2734375
2277376,59.2734375
2281472,59.2734375
2285568,59.2734375
2289664,59.2734375
2293760,59.2734375
2297856,59.2734375
2301952,59.2734375
2306048,59.2734375
2310144,59.2734375
2314240,59.2734375
2318336,59.2734375
2322432,59.2734375
2326528,59.2734375
2330624,59.2734375
2334720,59.2734375
2338816,59.2734375
2342912,59.2734375
2347008,59.2734375
2351104,59.2734375
2355200,59.2734375
2359296,59.2734375
2363392,59.2734375
2367488,59.2734375
2371584,59.2734375
2375680,59.2734375
2379776,59.2734375
2383872,59.2734375
2387968,59.2734375
2392064,59.2734375
2396160,59.2734375
2400256,59.2734375
2404352,59.2734375
2408448,59.2734375
2412544,59.2734375
2416640,59.2734375
2420736,59.2734375
2424832,59.2734375
2428928,59.2734375
2433024,59.2734375
2437120,59.2734375
2441216,59.2734375
2445312,59.2734375
2449408,59.2734375
2453504,59.2734375
2457600,59.2734375
2461696,59.2734375
2465792,59.2734375
2469888,59.2734375
2473984,59.2734375
2478080,59.2734375
2482176,59.2734375
2486272,59.2734375
2490368,59.2734375
2494464,59.2734375
2498560,59.2734375
2502656,59.2734375
2506752,59.2734375
2510848,59.2734375
2514944,59.2734375
2519040,59.2734375
2523136,59.2734375
2527232,59.2734375
2531328,59.2734375
2535424,59.2734375
2539520,59.2734375
2543616,59.2734375
2547712,59.2734375
2551808,59.2734375
2555904,59.2734375
2560000,59.2734375
2564096,59.2734375
2568192,59.2734375
2572288,59.2734375
2576384,59.2734375
2580480,59.2734375
2584576,59.2734375
2588672,59.2734375
2592768,59.2734375
2596864,59.2734375
2600960,59.2734375
2605056,59.2734375
2609152,59.2734375
2613248,59.2734375
2617344,59.2734375
2621440,59.2734375
2625536,59.2734375
2629632,59.2734375
2633728,59.2734375
2637824,59.2734375
2641920,59.2734375
2646016,59.2734375
2650112,59.2734375
2654208,59.2734375
2658304,59.2734375
2662400,59.2734375
2666496,59.2734375
2670592,59.2734375
2674688,59.2734375
2678784,59.2734375
2682880,59.2734375
2686976,59.2734375
2691072,59.2734375
2695168,59.2734375
2699264,59.2734375
2703360,59.2734375
2707456,59.2734375
2711552,59.2734375
2715648,59.2734375
2719744,59.2734375
2723840,59.2734375
2727936,59.2734375
2732032,59.2734375
2736128,59.2734375
2740224,59.2734375
2744320,59.2734375
2748416,59.2734375
2752512,59.2734375
2756608,59.2734375
2760704,59.2734375
2764800,59.2734375
2768896,59.2734375
2772992,59.2734375
2777088,59.2734375
2781184,59.2734375
2785280,59.2734375
2789376,59.2734375
2793472,59.2734375
2797568,59.2734375
2801664,59.2734375
2805760,59.2734375
2809856,59.2734375
2813952,59.2734375
2818048,59.2734375
2822144,59.2734375
2826240,59.2734375
2830336,59.2734375
2834432,59.2734375
2838528,59.2734375
2842624,59.2734375
2846720,59.2734375
2850816,59.2734375
2854912,59.2734375
2859008,59.2734375
2863104,59.2734375
2867200,59.2734375
2871296,59.2734375
2875392,59.2734375
2879488,59.2734375
2883584,59.2734375
2887680,59.2734375
2891776,59.2734375
2895872,59.2734375
2899968,59.2734375
2904064,59.2734375
2908160,59.2734375
2912256,59.2734375
2916352,59.2734375
2920448,59.2734375
2924544,59.2734375
2928640,59.2734375
2932736,59.2734375
2936832,59.2734375
2940928,59.2734375
2945024,59.2734375
2949120,59.2734375
2953216,59.2734375
2957312,59.2734375
2961408,59.2734375
2965504,59.2734375
2969600,59.2734375
2973696,59.2734375
2977792,59.2734375
2981888,59.2734375
2985984,59.2734375
2990080,59.2734375
2994176,59.2734375
2998272,59.921875
3002368,59.921875
3006464,59.921875
3010560,59.921875
3014656,59.921875
3018752,59.921875
3022848,59.921875
3026944,59.921875
3031040,59.921875
3035136,59.921875
3039232,59.921875
3043328,59.921875
3047424,59.921875
3051520,59.921875
3055616,59.921875
3059712,59.921875
3063808,59.921875
3067904,59.921875
3072000,59.921875
3076096,59.921875
3080192,59.921875
3084288,59.921875
3088384,59.921875
3092480,59.921875
3096576,59.921875
3100672,59.921875
3104768,59.921875
3108864,59.921875
3112960,59.921875
3117056,59.921875
3121152,59.921875
3125248,59.921875
3129344,59.921875
3133440,59.921875
3137536,59.921875
3141632,59.921875
3145728,59.921875
3149824,59.921875
3153920,59.921875
3158016,59.921875
3162112,59.921875
3166208,59.921875
3170304,59.921875
3174400,59.921875
3178496,59.921875
3182592,59.921875
3186688,59.921875
3190784,59.921875
3194880,59.921875
3198976,59.921875
3203072,59.921875
3207168,59.921875
3211264,59.921875
3215360,59.921875
3219456,59.921875
3223552,59.921875
3227648,59.921875
3231744,59.921875
3235840,59.921875
3239936,59.921875
3244032,59.921875
3248128,59.921875
3252224,59.921875
3256320,59.921875
3260416,59.921875
3264512,59.921875
3268608,59.921875
3272704,59.921875
3276800,59.921875
3280896,59.921875
3284992,59.921875
3289088,59.921875
3293184,59.921875
3297280,59.921875
3301376,59.921875
3305472,59.921875
3309568,59.921875
3313664,59.921875
3317760,59.921875
3321856,59.921875
3325952,59.921875
3330048,59.921875
3334144,59.921875
3338240,59.921875
3342336,59.921875
3346432,59.921875
3350528,59.921875
3354624,59.921875
3358720,59.921875
3362816,59.921875
3366912,59.921875
3371008,59.921875
3375104,59.921875
3379200,59.921875
3383296,59.921875
3387392,59.921875
3391488,59.921875
3395584,59.921875
3399680,59.921875
3403776,59.921875
3407872,59.921875
3411968,59.921875
3416064,59.921875
3420160,59.921875
3424256,59.921875
3428352,59.921875
3432448,59.921875
3436544,59.921875
3440640,59.921875
3444736,59.921875
3448832,59.921875
3452928,59.921875
3457024,59.921875
3461120,59.921875
3465216,59.921875
3469312,59.921875
3473408,59.921875
3477504,59.921875
3481600,59.921875
3485696,59.921875
3489792,59.921875
3493888,59.921875
3497984,59.921875
3502080,59.921875
3506176,59.921875
3510272,59.921875
3514368,59.921875
3518464,59.921875
3522560,59.921875
3526656,59.921875
3530752,59.921875
3534848,59.921875
3538944,59.921875
3543040,59.921875
3547136,59.921875
3551232,59.921875
3555328,59.921875
3559424,59.921875
3563520,59.921875
3567616,59.921875
3571712,59.921875
3575808,59.921875
3579904,59.921875
3584000,59.921875
3588096,59.921875
3592192,59.921875
3596288,59.921875
3600384,59.921875
3604480,59.921875
3608576,59.921875
3612672,59.921875
3616768,59.921875
3620864,59.921875
3624960,59.921875
3629056,59.921875
3633152,59.921875
3637248,59.921875
3641344,59.921875
3645440,59.921875
3649536,59.921875
3653632,59.921875
3657728,59.921875
3661824,59.921875
3665920,59.921875
3670016,59.921875
3674112,59.921875
3678208,59.921875
3682304,59.921875
3686400,59.921875
3690496,59.921875
3694592,59.921875
3698688,59.921875
3702784,59.921875
3706880,59.921875
3710976,59.921875
3715072,59.921875
3719168,59.921875
3723264,59.921875
3727360,59.921875
3731456,59.921875
3735552,59.921875
3739648,59.921875
3743744,59.921875
3747840,59.921875
3751936,59.921875
3756032,59.921875
3760128,59.921875
3764224,59.921875
3768320,59.921875
3772416,59.921875
3776512,59.921875
3780608,59.921875
3784704,59.921875
3788800,59.921875
3792896,59.921875
3796992,59.921875
3801088,59.921875
3805184,59.921875
3809280,59.921875
3813376,59.921875
3817472,59.921875
3821568,59.921875
3825664,59.921875
3829760,59.921875
3833856,59.921875
3837952,59.921875
3842048,59.921875
3846144,59.921875
3850240,59.921875
3854336,59.921875
3858432,59.921875
3862528,59.921875
3866624,59.921875
3870720,59.921875
3874816,59.921875
3878912,59.921875
3883008,59.921875
3887104,59.921875
3891200,59.921875
3895296,59.921875
3899392,59.921875
3903488,59.921875
3907584,59.921875
3911680,59.921875
3915776,59.921875
3919872,59.921875
3923968,59.921875
3928064,59.921875
3932160,59.921875
3936256,59.921875
3940352,59.921875
3944448,59.921875
3948544,59.921875
3952640,59.921875
3956736,59.921875
3960832,59.921875
3964928,59.921875
3969024,59.921875
3973120,59.921875
3977216,59.921875
3981312,59.921875
3985408,59.921875
3989504,59.921875
3993600,59.921875
3997696,64.296875
4001792,64.296875
4005888,64.296875
4009984,64.296875
4014080,64.296875
4018176,64.296875
4022272,64.296875
4026368,64.296875
4030464,64.296875
4034560,64.296875
4038656,64.296875
4042752,64.296875
4046848,64.296875
4050944,64.296875
4055040,64.296875
4059136,64.296875
4063232,64.296875
4067328,64.296875
4071424,64.296875
4075520,64.296875
4079616,64.296875
4083712,64.296875
4087808,64.296875
4091904,64.296875
4096000,64.296875
4100096,64.296875
4104192,64.296875
4108288,64.296875
4112384,64.296875
4116480,64.296875
4120576,64.296875
4124672,64.296875
4128768,64.296875
4132864,64.296875
4136960,64.296875
4141056,64.296875
4145152,64.296875
4149248,64.296875
4153344,64.296875
4157440,64.296875
4161536,64.296875
4165632,64.296875
4169728,64.296875
4173824,64.296875
4177920,64.296875
4182016,64.296875
4186112,64.296875
4190208,64.296875
4194304,64.296875
4198400,64.296875
4202496,64.296875
4206592,64.296875
4210688,64.296875
4214784,64.296875
4218880,64.296875
4222976,64.296875
4227072,64.296875
4231168,64.296875
4235264,64.296875
4239360,64.296875
4243456,64.296875
4247552,64.296875
4251648,64.296875
4255744,64.296875
4259840,64.296875
4263936,64.296875
4268032,64.296875
4272128,64.296875
4276224,64.296875
4280320,64.296875
4284416,64.296875
4288512,64.296875
4292608,64.296875
4296704,64.296875
4300800,64.296875
4304896,64.296875
4308992,64.296875
4313088,64.296875
4317184,64.296875
4321280,64.296875
4325376,64.296875
4329472,64.296875
4333568,64.296875
4337664,64.296875
4341760,64.296875
4345856,64.296875
4349952,64.296875
4354048,64.296875
4358144,64.296875
4362240,64.296875
4366336,64.296875
4370432,64.296875
4374528,64.296875
4378624,64.296875
4382720,64.296875
4386816,64.296875
4390912,64.296875
4395008,64.296875
4399104,64.296875
4403200,64.296875
4407296,64.296875
4411392,64.296875
4415488,64.296875
4419584,64.296875
4423680,64.296875
4427776,64.296875
4431872,64.296875
4435968,64.296875
4440064,64.296875
4444160,64.296875
4448256,64.296875
4452352,64.296875
4456448,64.296875
4460544,64.296875
4464640,64.296875
4468736,64.296875
4472832,64.296875
4476928,64.296875
4481024,64.296875
4485120,64.296875
4489216,64.296875
4493312,64.296875
4497408,64.296875
4501504,64.296875
4505600,64.296875
4509696,64.296875
4513792,64.296875
4517888,64.296875
4521984,64.296875
4526080,64.296875
4530176,64.296875
4534272,64.296875
4538368,64.296875
4542464,64.296875
4546560,64.296875
4550656,64.296875
4554752,64.296875
4558848,64.296875
4562944,64.296875
4567040,64.296875
4571136,64.296875
4575232,64.296875
4579328,64.296875
4583424,64.296875
4587520,64.296875
4591616,64.296875
4595712,64.296875
4599808,64.296875
4603904,64.296875
4608000,64.296875
4612096,64.296875
4616192,64.296875
4620288,64.296875
4624384,64.296875
4628480,64.296875
4632576,64.296875
4636672,64.296875
4640768,64.296875
4644864,64.296875
4648960,64.296875
4653056,64.296875
4657152,64.296875
4661248,64.296875
4665344,64.296875
4669440,64.296875
4673536,64.296875
4677632,64.296875
4681728,64.296875
4685824,64.296875
4689920,64.296875
4694016,64.296875
4698112,64.296875
4702208,64.296875
4706304,64.296875
4710400,64.296875
4714496,64.296875
4718592,64.296875
4722688,64.296875
4726784,64.296875
4730880,64.296875
4734976,64.296875
4739072,64.296875
4743168,64.296875
4747264,64.296875
4751360,64.296875
4755456,64.296875
4759552,64.296875
4763648,64.296875
4767744,64.296875
4771840,64.296875
4775936,64.296875
4780032,64.296875
4784128,64.296875
4788224,64.296875
4792320,64.296875
4796416,64.296875
4800512,64.296875
4804608,64.296875
4808704,64.296875
4812800,64.296875
4816896,64.296875
4820992,64.296875
4825088,64.296875
4829184,64.296875
4833280,64.296875
4837376,64.296875
4841472,64.296875
4845568,64.296875
4849664,64.296875
4853760,64.296875
4857856,64.296875
4861952,64.296875
4866048,64.296875
4870144,64.296875
4874240,64.296875
4878336,64.296875
4882432,64.296875
4886528,64.296875
4890624,64.296875
4894720,64.296875
4898816,64.296875
4902912,64.296875
4907008,64.296875
4911104,64.296875
4915200,64.296875
4919296,64.296875
4923392,64.296875
4927488,64.296875
4931584,64.296875
4935680,64.296875
4939776,64.296875
4943872,64.296875
4947968,64.296875
4952064,64.296875
4956160,64.296875
4960256,64.296875
4964352,64.296875
4968448,64.296875
4972544,64.296875
4976640,64.296875
4980736,64.296875
4984832,64.296875
4988928,64.296875
4993024,64.296875
4997120,62.96875
5001216,62.96875
5005312,62.96875
5009408,62.96875
5013504,62.96875
5017600,62.96875
5021696,62.96875
5025792,62.96875
5029888,62.96875
5033984,62.96875
5038080,62.96875
5042176,62.96875
5046272,62.96875
5050368,62.96875
5054464,62.96875
5058560,62.96875
5062656,62.96875
5066752,62.96875
5070848,62.96875
5074944,62.96875
5079040,62.96875
5083136,62.96875
5087232,62.96875
5091328,62.96875
5095424,62.96875
5099520,62.96875
5103616,62.96875
5107712,62.96875
5111808,62.96875
5115904,62.96875
5120000,62.96875
5124096,62.96875
5128192,62.96875
5132288,62.96875
5136384,62.96875
5140480,62.96875
5144576,62.96875
5148672,62.96875
5152768,62.96875
5156864,62.96875
5160960,62.96875
5165056,62.96875
5169152,62.96875
5173248,62.96875
5177344,62.96875
5181440,62.96875
5185536,62.96875
5189632,62.96875
5193728,62.96875
5197824,62.96875
5201920,62.96875
5206016,62.96875
5210112,62.96875
5214208,62.96875
5218304,62.96875
5222400,62.96875
5226496,62.96875
5230592,62.96875
5234688,62.96875
5238784,62.96875
5242880,62.96875
5246976,62.96875
5251072,62.96875
5255168,62.96875
5259264,62.96875
5263360,62.96875
5267456,62.96875
5271552,62.96875
5275648,62.96875
5279744,62.96875
5283840,62.96875
5287936,62.96875
5292032,62.96875
5296128,62.96875
5300224,62.96875
5304320,62.96875
5308416,62.96875
5312512,62.96875
5316608,62.96875
5320704,62.96875
5324800,62.96875
5328896,62.96875
5332992,62.96875
5337088,62.96875
5341184,62.96875
5345280,62.96875
5349376,62.96875
5353472,62.96875
5357568,62.96875
5361664,62.96875
5365760,62.96875
5369856,62.96875
5373952,62.96875
5378048,62.96875
5382144,62.96875
5386240,62.96875
5390336,62.96875
5394432,62.96875
5398528,62.96875
5402624,62.96875
5406720,62.96875
5410816,62.96875
5414912,62.96875
5419008,62.96875
5423104,62.96875
5427200,62.96875
5431296,62.96875
5435392,62.96875
5439488,62.96875
5443584,62.96875
5447680,62.96875
5451776,62.96875
5455872,62.96875
5459968,62.96875
5464064,62.96875
5468160,62.96875
5472256,62.96875
5476352,62.96875
5480448,62.96875
5484544,62.96875
5488640,62.96875
5492736,62.96875
5496832,62.96875
5500928,62.96875
5505024,62.96875
5509120,62.96875
5513216,62.96875
5517312,62.96875
5521408,62.96875
5525504,62.96875
5529600,62.96875
5533696,62.96875
5537792,62.96875
5541888,62.96875
5545984,62.96875
5550080,62.96875
5554176,62.96875
5558272,62.96875
5562368,62.96875
5566464,62.96875
5570560,62.96875
5574656,62.96875
5578752,62.96875
5582848,62.96875
5586944,62.96875
5591040,62.96875
5595136,62.96875
5599232,62.96875
5603328,62.96875
5607424,62.96875
5611520,62.96875
5615616,62.96875
5619712,62.96875
5623808,62.96875
5627904,62.96875
5632000,62.96875
5636096,62.96875
5640192,62.96875
5644288,62.96875
5648384,62.96875
5652480,62.96875
5656576,62.96875
5660672,62.96875
5664768,62.96875
5668864,62.96875
5672960,62.96875
5677056,62.96875
5681152,62.96875
5685248,62.96875
5689344,62.96875
5693440,62.96875
5697536,62.96875
5701632,62.96875
5705728,62.96875
5709824,62.96875
5713920,62.96875
5718016,62.96875
5722112,62.96875
5726208,62.96875
5730304,62.96875
5734400,62.96875
5738496,62.96875
5742592,62.96875
5746688,62.96875
5750784,62.96875
5754880,62.96875
5758976,62.96875
5763072,62.96875
5767168,62.96875
5771264,62.96875
5775360,62.96875
5779456,62.96875
5783552,62.96875
5787648,62.96875
5791744,62.96875
5795840,62.96875
5799936,62.96875
5804032,62.96875
5808128,62.96875
5812224,62.96875
5816320,62.96875
5820416,62.96875
5824512,62.96875
5828608,62.96875
5832704,62.96875
5836800,62.96875
5840896,62.96875
5844992,62.96875
5849088,62.96875
5853184,62.96875
5857280,62.96875
5861376,62.96875
5865472,62.96875
5869568,62.96875
5873664,62.96875
5877760,62.96875
5881856,62.96875
5885952,62.96875
5890048,62.96875
5894144,62.96875
5898240,62.96875
5902336,62.96875
5906432,62.96875
5910528,62.96875
5914624,62.96875
5918720,62.96875
5922816,62.96875
5926912,62.96875
5931008,62.96875
5935104,62.96875
5939200,62.96875
5943296,62.96875
5947392,62.96875
5951488,62.96875
5955584,62.96875
5959680,62.96875
5963776,62.96875
5967872,62.96875
5971968,62.96875
5976064,62.96875
5980160,62.96875
5984256,62.96875
5988352,62.96875
5992448,62.96875
5996544,65.21875
6000640,65.21875
6004736,65.21875
6008832,65.21875
6012928,65.21875
6017024,65.21875
6021120,65.21875
6025216,65.21875
6029312,65.21875
6033408,65.21875
6037504,65.21875
6041600,65.21875
6045696,65.21875
6049792,65.21875
6053888,65.21875
6057984,65.21875
6062080,65.21875
6066176,65.21875
6070272,65.21875
6074368,65.21875
6078464,65.21875
6082560,65.21875
6086656,65.21875
6090752,65.21875
6094848,65.21875
6098944,65.21875
6103040,65.21875
6107136,65.21875
6111232,65.21875
6115328,65.21875
6119424,65.21875
6123520,65.21875
6127616,65.21875
6131712,65.21875
6135808,65.21875
6139904,65.21875
6144000,65.21875
6148096,65.21875
6152192,65.21875
6156288,65.21875
6160384,65.21875
6164480,65.21875
6168576,65.21875
6172672,65.21875
6176768,65.21875
6180864,65.21875
6184960,65.21875
6189056,65.21875
6193152,65.21875
6197248,65.21875
6201344,65.21875
6205440,65.21875
6209536,65.21875
6213632,65.21875
6217728,65.21875
6221824,65.21875
6225920,65.21875
6230016,65.21875
6234112,65.21875
6238208,65.21875
6242304,65.21875
6246400,65.21875
6250496,65.21875
6254592,65.21875
6258688,65.21875
6262784,65.21875
6266880,65.21875
6270976,65.21875
6275072,65.21875
6279168,65.21875
6283264,65.21875
6287360,65.21875
6291456,65.21875
6295552,65.21875
6299648,65.21875
6303744,65.21875
6307840,65.21875
6311936,65.21875
6316032,65.21875
6320128,65.21875
6324224,65.21875
6328320,65.21875
6332416,65.21875
6336512,65.21875
6340608,65.21875
6344704,65.21875
6348800,65.21875
6352896,65.21875
6356992,65.21875
6361088,65.21875
6365184,65.21875
6369280,65.21875
6373376,65.21875
6377472,65.21875
6381568,65.21875
6385664,65.21875
6389760,65.21875
6393856,65.21875
6397952,65.21875
6402048,65.21875
6406144,65.21875
6410240,65.21875
6414336,65.21875
6418432,65.21875
6422528,65.21875
6426624,65.21875
6430720,65.21875
6434816,65.21875
6438912,65.21875
6443008,65.21875
6447104,65.21875
6451200,65.21875
6455296,65.21875
6459392,65.21875
6463488,65.21875
6467584,65.21875
6471680,65.21875
6475776,65.21875
6479872,65.21875
6483968,65.21875
6488064,65.21875
6492160,65.21875
6496256,65.21875
6500352,65.21875
6504448,65.21875
6508544,65.21875
6512640,65.21875
6516736,65.21875
6520832,65.21875
6524928,65.21875
6529024,65.21875
6533120,65.21875
6537216,65.21875
6541312,65.21875
6545408,65.21875
6549504,65.21875
6553600,65.21875
6557696,65.21875
6561792,65.21875
6565888,65.21875
6569984,65.21875
6574080,65.21875
6578176,65.21875
6582272,65.21875
6586368,65.21875
6590464,65.21875
6594560,65.21875
6598656,65.21875
6602752,65.21875
6606848,65.21875
6610944,65.21875
6615040,65.21875
6619136,65.21875
6623232,65.21875
6627328,65.21875
6631424,65.21875
6635520,65.21875
6639616,65.21875
6643712,65.21875
6647808,65.21875
6651904,65.21875
6656000,65.21875
6660096,65.21875
6664192,65.21875
6668288,65.21875
6672384,65.21875
6676480,65.21875
6680576,65.21875
6684672,65.21875
6688768,65.21875
6692864,65.21875
6696960,65.21875
6701056,65.21875
6705152,65.21875
6709248,65.21875
6713344,65.21875
6717440,65.21875
6721536,65.21875
6725632,65.21875
6729728,65.21875
6733824,65.21875
6737920,65.21875
6742016,65.21875
6746112,65.21875
6750208,65.21875
6754304,65.21875
6758400,65.21875
6762496,65.21875
6766592,65.21875
6770688,65.21875
6774784,65.21875
6778880,65.21875
6782976,65.21875
6787072,65.21875
6791168,65.21875
6795264,65.21875
6799360,65.21875
6803456,65.21875
6807552,65.21875
6811648,65.21875
6815744,65.21875
6819840,65.21875
6823936,65.21875
6828032,65.21875
6832128,65.21875
6836224,65.21875
6840320,65.21875
6844416,65.21875
6848512,65.21875
6852608,65.21875
6856704,65.21875
6860800,65.21875
6864896,65.21875
6868992,65.21875
6873088,65.21875
6877184,65.21875
6881280,65.21875
6885376,65.21875
6889472,65.21875
6893568,65.21875
6897664,65.21875
6901760,65.21875
6905856,65.21875
6909952,65.21875
6914048,65.21875
6918144,65.21875
6922240,65.21875
6926336,65.21875
6930432,65.21875
6934528,65.21875
6938624,65.21875
6942720,65.21875
6946816,65.21875
6950912,65.21875
6955008,65.21875
6959104,65.21875
6963200,65.21875
6967296,65.21875
6971392,65.21875
6975488,65.21875
6979584,65.21875
6983680,65.21875
6987776,65.21875
6991872,65.21875
6995968,65.0078125
7000064,65.0078125
7004160,65.0078125
7008256,65.0078125
7012352,65.0078125
7016448,65.0078125
7020544,65.0078125
7024640,65.0078125
7028736,65.0078125
7032832,65.0078125
7036928,65.0078125
7041024,65.0078125
7045120,65.0078125
7049216,65.0078125
7053312,65.0078125
7057408,65.0078125
7061504,65.0078125
7065600,65.0078125
7069696,65.0078125
7073792,65.0078125
7077888,65.0078125
7081984,65.0078125
7086080,65.0078125
7090176,65.0078125
7094272,65.0078125
7098368,65.0078125
7102464,65.0078125
7106560,65.0078125
7110656,65.0078125
7114752,65.0078125
7118848,65.0078125
7122944,65.0078125
7127040,65.0078125
7131136,65.0078125
7135232,65.0078125
7139328,65.0078125
7143424,65.0078125
7147520,65.0078125
7151616,65.0078125
7155712,65.0078125
7159808,65.0078125
7163904,65.0078125
7168000,65.0078125
7172096,65.0078125
7176192,65.0078125
7180288,65.0078125
7184384,65.0078125
7188480,65.0078125
7192576,65.0078125
7196672,65.0078125
7200768,65.0078125
7204864,65.0078125
7208960,65.0078125
7213056,65.0078125
7217152,65.0078125
7221248,65.0078125
7225344,65.0078125
7229440,65.0078125
7233536,65.0078125
7237632,65.0078125
7241728,65.0078125
7245824,65.0078125
7249920,65.0078125
7254016,65.0078125
7258112,65.0078125
7262208,65.0078125
7266304,65.0078125
7270400,65.0078125
7274496,65.0078125
7278592,65.0078125
7282688,65.0078125
7286784,65.0078125
7290880,65.0078125
7294976,65.0078125
7299072,65.0078125
7303168,65.0078125
7307264,65.0078125
7311360,65.0078125
7315456,65.0078125
7319552,65.0078125
7323648,65.0078125
7327744,65.0078125
7331840,65.0078125
7335936,65.0078125
7340032,65.0078125
7344128,65.0078125
7348224,65.0078125
7352320,65.0078125
7356416,65.0078125
7360512,65.0078125
7364608,65.0078125
7368704,65.0078125
7372800,65.0078125
7376896,65.0078125
7380992,65.0078125
7385088,65.0078125
7389184,65.0078125
7393280,65.0078125
7397376,65.0078125
7401472,65.0078125
7405568,65.0078125
7409664,65.0078125
7413760,65.0078125
7417856,65.0078125
7421952,65.0078125
7426048,65.0078125
7430144,65.0078125
7434240,65.0078125
7438336,65.0078125
7442432,65.0078125
7446528,65.0078125
7450624,65.0078125
7454720,65.0078125
7458816,65.0078125
7462912,65.0078125
7467008,65.0078125
7471104,65.0078125
7475200,65.0078125
7479296,65.0078125
7483392,65.0078125
7487488,65.0078125
7491584,65.0078125
7495680,65.0078125
7499776,65.0078125
7503872,65.0078125
7507968,65.0078125
7512064,65.0078125
7516160,65.0078125
7520256,65.0078125
7524352,65.0078125
7528448,65.0078125
7532544,65.0078125
7536640,65.0078125
7540736,65.0078125
7544832,65.0078125
7548928,65.0078125
7553024,65.0078125
7557120,65.0078125
7561216,65.0078125
7565312,65.0078125
7569408,65.0078125
7573504,65.0078125
7577600,65.0078125
7581696,65.0078125
7585792,65.0078125
7589888,65.0078125
7593984,65.0078125
7598080,65.0078125
7602176,65.0078125
7606272,65.0078125
7610368,65.0078125
7614464,65.0078125
7618560,65.0078125
7622656,65.0078125
7626752,65.0078125
7630848,65.0078125
7634944,65.0078125
7639040,65.0078125
7643136,65.0078125
7647232,65.0078125
7651328,65.0078125
7655424,65.0078125
7659520,65.0078125
7663616,65.0078125
7667712,65.0078125
7671808,65.0078125
7675904,65.0078125
7680000,65.0078125
7684096,65.0078125
7688192,65.0078125
7692288,65.0078125
7696384,65.0078125
7700480,65.0078125
7704576,65.0078125
7708672,65.0078125
7712768,65.0078125
7716864,65.0078125
7720960,65.0078125
7725056,65.0078125
7729152,65.0078125
7733248,65.0078125
7737344,65.0078125
7741440,65.0078125
7745536,65.0078125
7749632,65.0078125
7753728,65.0078125
7757824,65.0078125
7761920,65.0078125
7766016,65.0078125
7770112,65.0078125
7774208,65.0078125
7778304,65.0078125
7782400,65.0078125
7786496,65.0078125
7790592,65.0078125
7794688,65.0078125
7798784,65.0078125
7802880,65.0078125
7806976,65.0078125
7811072,65.0078125
7815168,65.0078125
7819264,65.0078125
7823360,65.0078125
7827456,65.0078125
7831552,65.0078125
7835648,65.0078125
7839744,65.0078125
7843840,65.0078125
7847936,65.0078125
7852032,65.0078125
7856128,65.0078125
7860224,65.0078125
7864320,65.0078125
7868416,65.0078125
7872512,65.0078125
7876608,65.0078125
7880704,65.0078125
7884800,65.0078125
7888896,65.0078125
7892992,65.0078125
7897088,65.0078125
7901184,65.0078125
7905280,65.0078125
7909376,65.0078125
7913472,65.0078125
7917568,65.0078125
7921664,65.0078125
7925760,65.0078125
7929856,65.0078125
7933952,65.0078125
7938048,65.0078125
7942144,65.0078125
7946240,65.0078125
7950336,65.0078125
7954432,65.0078125
7958528,65.0078125
7962624,65.0078125
7966720,65.0078125
7970816,65.0078125
7974912,65.0078125
7979008,65.0078125
7983104,65.0078125
7987200,65.0078125
7991296,65.0078125
7995392,64.4375
7999488,64.4375
8003584,64.4375
8007680,64.4375
8011776,64.4375
8015872,64.4375
8019968,64.4375
8024064,64.4375
8028160,64.4375
8032256,64.4375
8036352,64.4375
8040448,64.4375
8044544,64.4375
8048640,64.4375
8052736,64.4375
8056832,64.4375
8060928,64.4375
8065024,64.4375
8069120,64.4375
8073216,64.4375
8077312,64.4375
8081408,64.4375
8085504,64.4375
8089600,64.4375
8093696,64.4375
8097792,64.4375
8101888,64.4375
8105984,64.4375
8110080,64.4375
8114176,64.4375
8118272,64.4375
8122368,64.4375
8126464,64.4375
8130560,64.4375
8134656,64.4375
8138752,64.4375
8142848,64.4375
8146944,64.4375
8151040,64.4375
8155136,64.4375
8159232,64.4375
8163328,64.4375
8167424,64.4375
8171520,64.4375
8175616,64.4375
8179712,64.4375
8183808,64.4375
8187904,64.4375
8192000,64.4375
8196096,64.4375
8200192,64.4375
8204288,64.4375
8208384,64.4375
8212480,64.4375
8216576,64.4375
8220672,64.4375
8224768,64.4375
8228864,64.4375
8232960,64.4375
8237056,64.4375
8241152,64.4375
8245248,64.4375
8249344,64.4375
8253440,64.4375
8257536,64.4375
8261632,64.4375
8265728,64.4375
8269824,64.4375
8273920,64.4375
8278016,64.4375
8282112,64.4375
8286208,64.4375
8290304,64.4375
8294400,64.4375
8298496,64.4375
8302592,64.4375
8306688,64.4375
8310784,64.4375
8314880,64.4375
8318976,64.4375
8323072,64.4375
8327168,64.4375
8331264,64.4375
8335360,64.4375
8339456,64.4375
8343552,64.4375
8347648,64.4375
8351744,64.4375
8355840,64.4375
8359936,64.4375
8364032,64.4375
8368128,64.4375
8372224,64.4375
8376320,64.4375
8380416,64.4375
8384512,64.4375
8388608,64.4375
8392704,64.4375
8396800,64.4375
8400896,64.4375
8404992,64.4375
8409088,64.4375
8413184,64.4375
8417280,64.4375
8421376,64.4375
8425472,64.4375
8429568,64.4375
8433664,64.4375
8437760,64.4375
8441856,64.4375
8445952,64.4375
8450048,64.4375
8454144,64.4375
8458240,64.4375
8462336,64.4375
8466432,64.4375
8470528,64.4375
8474624,64.4375
8478720,64.4375
8482816,64.4375
8486912,64.4375
8491008,64.4375
8495104,64.4375
8499200,64.4375
8503296,64.4375
8507392,64.4375
8511488,64.4375
8515584,64.4375
8519680,64.4375
8523776,64.4375
8527872,64.4375
8531968,64.4375
8536064,64.4375
8540160,64.4375
8544256,64.4375
8548352,64.4375
8552448,64.4375
8556544,64.4375
8560640,64.4375
8564736,64.4375
8568832,64.4375
8572928,64.4375
8577024,64.4375
8581120,64.4375
8585216,64.4375
8589312,64.4375
8593408,64.4375
8597504,64.4375
8601600,64.4375
8605696,64.4375
8609792,64.4375
8613888,64.4375
8617984,64.4375
8622080,64.4375
8626176,64.4375
8630272,64.4375
8634368,64.4375
8638464,64.4375
8642560,64.4375
8646656,64.4375
8650752,64.4375
8654848,64.4375
8658944,64.4375
8663040,64.4375
8667136,64.4375
8671232,64.4375
8675328,64.4375
8679424,64.4375
8683520,64.4375
8687616,64.4375
8691712,64.4375
8695808,64.4375
8699904,64.4375
8704000,64.4375
8708096,64.4375
8712192,64.4375
8716288,64.4375
8720384,64.4375
8724480,64.4375
8728576,64.4375
8732672,64.4375
8736768,64.4375
8740864,64.4375
8744960,64.4375
8749056,64.4375
8753152,64.4375
8757248,64.4375
8761344,64.4375
8765440,64.4375
8769536,64.4375
8773632,64.4375
8777728,64.4375
8781824,64.4375
8785920,64.4375
8790016,64.4375
8794112,64.4375
8798208,64.4375
8802304,64.4375
8806400,64.4375
8810496,64.4375
8814592,64.4375
8818688,64.4375
8822784,64.4375
8826880,64.4375
8830976,64.4375
8835072,64.4375
8839168,64.4375
8843264,64.4375
8847360,64.4375
8851456,64.4375
8855552,64.4375
8859648,64.4375
8863744,64.4375
8867840,64.4375
8871936,64.4375
8876032,64.4375
8880128,64.4375
8884224,64.4375
8888320,64.4375
8892416,64.4375
8896512,64.4375
8900608,64.4375
8904704,64.4375
8908800,64.4375
8912896,64.4375
8916992,64.4375
8921088,64.4375
8925184,64.4375
8929280,64.4375
8933376,64.4375
8937472,64.4375
8941568,64.4375
8945664,64.4375
8949760,64.4375
8953856,64.4375
8957952,64.4375
8962048,64.4375
8966144,64.4375
8970240,64.4375
8974336,64.4375
8978432,64.4375
8982528,64.4375
8986624,64.4375
8990720,64.4375
8994816,63.9609375
8998912,63.9609375
9003008,63.9609375
9007104,63.9609375
9011200,63.9609375
9015296,63.9609375
9019392,63.9609375
9023488,63.9609375
9027584,63.9609375
9031680,63.9609375
9035776,63.9609375
9039872,63.9609375
9043968,63.9609375
9048064,63.9609375
9052160,63.9609375
9056256,63.9609375
9060352,63.9609375
9064448,63.9609375
9068544,63.9609375
9072640,63.9609375
9076736,63.9609375
9080832,63.9609375
9084928,63.9609375
9089024,63.9609375
9093120,63.9609375
9097216,63.9609375
9101312,63.9609375
9105408,63.9609375
9109504,63.9609375
9113600,63.9609375
9117696,63.9609375
9121792,63.9609375
9125888,63.9609375
9129984,63.9609375
9134080,63.9609375
9138176,63.9609375
9142272,63.9609375
9146368,63.9609375
9150464,63.9609375
9154560,63.9609375
9158656,63.9609375
9162752,63.9609375
9166848,63.9609375
9170944,63.9609375
9175040,63.9609375
9179136,63.9609375
9183232,63.9609375
9187328,63.9609375
9191424,63.9609375
9195520,63.9609375
9199616,63.9609375
9203712,63.9609375
9207808,63.9609375
9211904,63.9609375
9216000,63.9609375
9220096,63.9609375
9224192,63.9609375
9228288,63.9609375
9232384,63.9609375
9236480,63.9609375
9240576,63.9609375
9244672,63.9609375
9248768,63.9609375
9252864,63.9609375
9256960,63.9609375
9261056,63.9609375
9265152,63.9609375
9269248,63.9609375
9273344,63.9609375
9277440,63.9609375
9281536,63.9609375
9285632,63.9609375
9289728,63.9609375
9293824,63.9609375
9297920,63.9609375
9302016,63.9609375
9306112,63.9609375
9310208,63.9609375
9314304,63.9609375
9318400,63.9609375
9322496,63.9609375
9326592,63.9609375
9330688,63.9609375
9334784,63.9609375
9338880,63.9609375
9342976,63.9609375
9347072,63.9609375
9351168,63.9609375
9355264,63.9609375
9359360,63.9609375
9363456,63.9609375
9367552,63.9609375
9371648,63.9609375
9375744,63.9609375
9379840,63.9609375
9383936,63.9609375
9388032,63.9609375
9392128,63.9609375
9396224,63.9609375
9400320,63.9609375
9404416,63.9609375
9408512,63.9609375
9412608,63.9609375
9416704,63.9609375
9420800,63.9609375
9424896,63.9609375
9428992,63.9609375
9433088,63.9609375
9437184,63.9609375
9441280,63.9609375
9445376,63.9609375
9449472,63.9609375
9453568,63.9609375
9457664,63.9609375
9461760,63.9609375
9465856,63.9609375
9469952,63.9609375
9474048,63.9609375
9478144,63.9609375
9482240,63.9609375
9486336,63.9609375
9490432,63.9609375
9494528,63.9609375
9498624,63.9609375
9502720,63.9609375
9506816,63.9609375
9510912,63.9609375
9515008,63.9609375
9519104,63.9609375
9523200,63.9609375
9527296,63.9609375
9531392,63.9609375
9535488,63.9609375
9539584,63.9609375
9543680,63.9609375
9547776,63.9609375
9551872,63.9609375
9555968,63.9609375
9560064,63.9609375
9564160,63.9609375
9568256,63.9609375
9572352,63.9609375
9576448,63.9609375
9580544,63.9609375
9584640,63.9609375
9588736,63.9609375
9592832,63.9609375
9596928,63.9609375
9601024,63.9609375
9605120,63.9609375
9609216,63.9609375
9613312,63.9609375
9617408,63.9609375
9621504,63.9609375
9625600,63.9609375
9629696,63.9609375
9633792,63.9609375
9637888,63.9609375
9641984,63.9609375
9646080,63.9609375
9650176,63.9609375
9654272,63.9609375
9658368,63.9609375
9662464,63.9609375
9666560,63.9609375
9670656,63.9609375
9674752,63.9609375
9678848,63.9609375
9682944,63.9609375
9687040,63.9609375
9691136,63.9609375
9695232,63.9609375
9699328,63.9609375
9703424,63.9609375
9707520,63.9609375
9711616,63.9609375
9715712,63.9609375
9719808,63.9609375
9723904,63.9609375
9728000,63.9609375
9732096,63.9609375
9736192,63.9609375
9740288,63.9609375
9744384,63.9609375
9748480,63.9609375
9752576,63.9609375
9756672,63.9609375
9760768,63.9609375
9764864,63.9609375
9768960,63.9609375
9773056,63.9609375
9777152,63.9609375
9781248,63.9609375
9785344,63.9609375
9789440,63.9609375
9793536,63.9609375
9797632,63.9609375
9801728,63.9609375
9805824,63.9609375
9809920,63.9609375
9814016,63.9609375
9818112,63.9609375
9822208,63.9609375
9826304,63.9609375
9830400,63.9609375
9834496,63.9609375
9838592,63.9609375
9842688,63.9609375
9846784,63.9609375
9850880,63.9609375
9854976,63.9609375
9859072,63.9609375
9863168,63.9609375
9867264,63.9609375
9871360,63.9609375
9875456,63.9609375
9879552,63.9609375
9883648,63.9609375
9887744,63.9609375
9891840,63.9609375
9895936,63.9609375
9900032,63.9609375
9904128,63.9609375
9908224,63.9609375
9912320,63.9609375
9916416,63.9609375
9920512,63.9609375
9924608,63.9609375
9928704,63.9609375
9932800,63.9609375
9936896,63.9609375
9940992,63.9609375
9945088,63.9609375
9949184,63.9609375
9953280,63.9609375
9957376,63.9609375
9961472,63.9609375
9965568,63.9609375
9969664,63.9609375
9973760,63.9609375
9977856,63.9609375
9981952,63.9609375
9986048,63.9609375
9990144,63.9609375
9994240,65.46875
9998336,65.46875
10002432,65.46875
10006528,65.46875
10010624,65.46875
10014720,65.46875
10018816,65.46875
10022912,65.46875
10027008,65.46875
10031104,65.46875
10035200,65.46875
10039296,65.46875
10043392,65.46875
10047488,65.46875
10051584,65.46875
10055680,65.46875
10059776,65.46875
10063872,65.46875
10067968,65.46875
10072064,65.46875
10076160,65.46875
10080256,65.46875
10084352,65.46875
10088448,65.46875
10092544,65.46875
10096640,65.46875
10100736,65.46875
10104832,65.46875
10108928,65.46875
10113024,65.46875
10117120,65.46875
10121216,65.46875
10125312,65.46875
10129408,65.46875
10133504,65.46875
10137600,65.46875
10141696,65.46875
10145792,65.46875
10149888,65.46875
10153984,65.46875
10158080,65.46875
10162176,65.46875
10166272,65.46875
10170368,65.46875
10174464,65.46875
10178560,65.46875
10182656,65.46875
10186752,65.46875
10190848,65.46875
10194944,65.46875
10199040,65.46875
10203136,65.46875
10207232,65.46875
10211328,65.46875
10215424,65.46875
10219520,65.46875
10223616,65.46875
10227712,65.46875
10231808,65.46875
10235904,65.46875
10240000,65.46875
10244096,65.46875
10248192,65.46875
10252288,65.46875
10256384,65.46875
10260480,65.46875
10264576,65.46875
10268672,65.46875
10272768,65.46875
10276864,65.46875
10280960,65.46875
10285056,65.46875
10289152,65.46875
10293248,65.46875
10297344,65.46875
10301440,65.46875
10305536,65.46875
10309632,65.46875
10313728,65.46875
10317824,65.46875
10321920,65.46875
10326016,65.46875
10330112,65.46875
10334208,65.46875
10338304,65.46875
10342400,65.46875
10346496,65.46875
10350592,65.46875
10354688,65.46875
10358784,65.46875
10362880,65.46875
10366976,65.46875
10371072,65.46875
10375168,65.46875
10379264,65.46875
10383360,65.46875
10387456,65.46875
10391552,65.46875
10395648,65.46875
10399744,65.46875
10403840,65.46875
10407936,65.46875
10412032,65.46875
10416128,65.46875
10420224,65.46875
10424320,65.46875
10428416,65.46875
10432512,65.46875
10436608,65.46875
10440704,65.46875
10444800,65.46875
10448896,65.46875
10452992,65.46875
10457088,65.46875
10461184,65.46875
10465280,65.46875
10469376,65.46875
10473472,65.46875
10477568,65.46875
10481664,65.46875
10485760,65.46875
10489856,65.46875
10493952,65.46875
10498048,65.46875
10502144,65.46875
10506240,65.46875
10510336,65.46875
10514432,65.46875
10518528,65.46875
10522624,65.46875
10526720,65.46875
10530816,65.46875
10534912,65.46875
10539008,65.46875
10543104,65.46875
10547200,65.46875
10551296,65.46875
10555392,65.46875
10559488,65.46875
10563584,65.46875
10567680,65.46875
10571776,65.46875
10575872,65.46875
10579968,65.46875
10584064,65.46875
10588160,65.46875
10592256,65.46875
10596352,65.46875
10600448,65.46875
10604544,65.46875
10608640,65.46875
10612736,65.46875
10616832,65.46875
10620928,65.46875
10625024,65.46875
10629120,65.46875
10633216,65.46875
10637312,65.46875
10641408,65.46875
10645504,65.46875
10649600,65.46875
10653696,65.46875
10657792,65.46875
10661888,65.46875
10665984,65.46875
10670080,65.46875
10674176,65.46875
10678272,65.46875
10682368,65.46875
10686464,65.46875
10690560,65.46875
10694656,65.46875
10698752,65.46875
10702848,65.46875
10706944,65.46875
10711040,65.46875
10715136,65.46875
10719232,65.46875
10723328,65.46875
10727424,65.46875
10731520,65.46875
10735616,65.46875
10739712,65.46875
10743808,65.46875
10747904,65.46875
10752000,65.46875
10756096,65.46875
10760192,65.46875
10764288,65.46875
10768384,65.46875
10772480,65.46875
10776576,65.46875
10780672,65.46875
10784768,65.46875
10788864,65.46875
10792960,65.46875
10797056,65.46875
10801152,65.46875
10805248,65.46875
10809344,65.46875
10813440,65.46875
10817536,65.46875
10821632,65.46875
10825728,65.46875
10829824,65.46875
10833920,65.46875
10838016,65.46875
10842112,65.46875
10846208,65.46875
10850304,65.46875
10854400,65.46875
10858496,65.46875
10862592,65.46875
10866688,65.46875
10870784,65.46875
10874880,65.46875
10878976,65.46875
10883072,65.46875
10887168,65.46875
10891264,65.46875
10895360,65.46875
10899456,65.46875
10903552,65.46875
10907648,65.46875
10911744,65.46875
10915840,65.46875
10919936,65.46875
10924032,65.46875
10928128,65.46875
10932224,65.46875
10936320,65.46875
10940416,65.46875
10944512,65.46875
10948608,65.46875
10952704,65.46875
10956800,65.46875
10960896,65.46875
10964992,65.46875
10969088,65.46875
10973184,65.46875
10977280,65.46875
10981376,65.46875
10985472,65.46875
10989568,65.46875
10993664,65.0390625
10997760,65.0390625
11001856,65.0390625
11005952,65.0390625
11010048,65.0390625
11014144,65.0390625
11018240,65.0390625
11022336,65.0390625
11026432,65.0390625
11030528,65.0390625
11034624,65.0390625
11038720,65.0390625
11042816,65.0390625
11046912,65.0390625
11051008,65.0390625
11055104,65.0390625
11059200,65.0390625
11063296,65.0390625
11067392,65.0390625
11071488,65.0390625
11075584,65.0390625
11079680,65.0390625
11083776,65.0390625
11087872,65.0390625
11091968,65.0390625
11096064,65.0390625
11100160,65.0390625
11104256,65.0390625
11108352,65.0390625
11112448,65.0390625
11116544,65.0390625
11120640,65.0390625
11124736,65.0390625
11128832,65.0390625
11132928,65.0390625
11137024,65.0390625
11141120,65.0390625
11145216,65.0390625
11149312,65.0390625
11153408,65.0390625
11157504,65.0390625
11161600,65.0390625
11165696,65.0390625
11169792,65.0390625
11173888,65.0390625
11177984,65.0390625
11182080,65.0390625
11186176,65.0390625
11190272,65.0390625
11194368,65.0390625
11198464,65.0390625
11202560,65.0390625
11206656,65.0390625
11210752,65.0390625
11214848,65.0390625
11218944,65.0390625
11223040,65.0390625
11227136,65.0390625
11231232,65.0390625
11235328,65.0390625
11239424,65.0390625
11243520,65.0390625
11247616,65.0390625
11251712,65.0390625
11255808,65.0390625
11259904,65.0390625
11264000,65.0390625
11268096,65.0390625
11272192,65.0390625
11276288,65.0390625
11280384,65.0390625
11284480,65.0390625
11288576,65.0390625
11292672,65.0390625
11296768,65.0390625
11300864,65.0390625
11304960,65.0390625
11309056,65.0390625
11313152,65.0390625
11317248,65.0390625
11321344,65.0390625
11325440,65.0390625
11329536,65.0390625
11333632,65.0390625
11337728,65.0390625
11341824,65.0390625
11345920,65.0390625
11350016,65.0390625
11354112,65.0390625
11358208,65.0390625
11362304,65.0390625
11366400,65.0390625
11370496,65.0390625
11374592,65.0390625
11378688,65.0390625
11382784,65.0390625
11386880,65.0390625
11390976,65.0390625
11395072,65.0390625
11399168,65.0390625
11403264,65.0390625
11407360,65.0390625
11411456,65.0390625
11415552,65.0390625
11419648,65.0390625
11423744,65.0390625
11427840,65.0390625
11431936,65.0390625
11436032,65.0390625
11440128,65.0390625
11444224,65.0390625
11448320,65.0390625
11452416,65.0390625
11456512,65.0390625
11460608,65.0390625
11464704,65.0390625
11468800,65.0390625
11472896,65.0390625
11476992,65.0390625
11481088,65.0390625
11485184,65.0390625
11489280,65.0390625
11493376,65.0390625
11497472,65.0390625
11501568,65.0390625
11505664,65.0390625
11509760,65.0390625
11513856,65.0390625
11517952,65.0390625
11522048,65.0390625
11526144,65.0390625
11530240,65.0390625
11534336,65.0390625
11538432,65.0390625
11542528,65.0390625
11546624,65.0390625
11550720,65.0390625
11554816,65.0390625
11558912,65.0390625
11563008,65.0390625
11567104,65.0390625
11571200,65.0390625
11575296,65.0390625
11579392,65.0390625
11583488,65.0390625
11587584,65.0390625
11591680,65.0390625
11595776,65.0390625
11599872,65.0390625
11603968,65.0390625
11608064,65.0390625
11612160,65.0390625
11616256,65.0390625
11620352,65.0390625
11624448,65.0390625
11628544,65.0390625
11632640,65.0390625
11636736,65.0390625
11640832,65.0390625
11644928,65.0390625
11649024,65.0390625
11653120,65.0390625
11657216,65.0390625
11661312,65.0390625
11665408,65.0390625
11669504,65.0390625
11673600,65.0390625
11677696,65.0390625
11681792,65.0390625
11685888,65.0390625
11689984,65.0390625
11694080,65.0390625
11698176,65.0390625
11702272,65.0390625
11706368,65.0390625
11710464,65.0390625
11714560,65.0390625
11718656,65.0390625
11722752,65.0390625
11726848,65.0390625
11730944,65.0390625
11735040,65.0390625
11739136,65.0390625
11743232,65.0390625
11747328,65.0390625
11751424,65.0390625
11755520,65.0390625
11759616,65.0390625
11763712,65.0390625
11767808,65.0390625
11771904,65.0390625
11776000,65.0390625
11780096,65.0390625
11784192,65.0390625
11788288,65.0390625
11792384,65.0390625
11796480,65.0390625
11800576,65.0390625
11804672,65.0390625
11808768,65.0390625
11812864,65.0390625
11816960,65.0390625
11821056,65.0390625
11825152,65.0390625
11829248,65.0390625
11833344,65.0390625
11837440,65.0390625
11841536,65.0390625
11845632,65.0390625
11849728,65.0390625
11853824,65.0390625
11857920,65.0390625
11862016,65.0390625
11866112,65.0390625
11870208,65.0390625
11874304,65.0390625
11878400,65.0390625
11882496,65.0390625
11886592,65.0390625
11890688,65.0390625
11894784,65.0390625
11898880,65.0390625
11902976,65.0390625
11907072,65.0390625
11911168,65.0390625
11915264,65.0390625
11919360,65.0390625
11923456,65.0390625
11927552,65.0390625
11931648,65.0390625
11935744,65.0390625
11939840,65.0390625
11943936,65.0390625
11948032,65.0390625
11952128,65.0390625
11956224,65.0390625
11960320,65.0390625
11964416,65.0390625
11968512,65.0390625
11972608,65.0390625
11976704,65.0390625
11980800,65.0390625
11984896,65.0390625
11988992,65.0390625
11993088,65.3203125
11997184,65.3203125
12001280,65.3203125
12005376,65.3203125
12009472,65.3203125
12013568,65.3203125
12017664,65.3203125
12021760,65.3203125
12025856,65.3203125
12029952,65.3203125
12034048,65.3203125
12038144,65.3203125
12042240,65.3203125
12046336,65.3203125
12050432,65.3203125
12054528,65.3203125
12058624,65.3203125
12062720,65.3203125
12066816,65.3203125
12070912,65.3203125
12075008,65.3203125
12079104,65.3203125
12083200,65.3203125
12087296,65.3203125
12091392,65.3203125
12095488,65.3203125
12099584,65.3203125
12103680,65.3203125
12107776,65.3203125
12111872,65.3203125
12115968,65.3203125
12120064,65.3203125
12124160,65.3203125
12128256,65.3203125
12132352,65.3203125
12136448,65.3203125
12140544,65.3203125
12144640,65.3203125
12148736,65.3203125
12152832,65.3203125
12156928,65.3203125
12161024,65.3203125
12165120,65.3203125
12169216,65.3203125
12173312,65.3203125
12177408,65.3203125
12181504,65.3203125
12185600,65.3203125
12189696,65.3203125
12193792,65.3203125
12197888,65.3203125
12201984,65.3203125
12206080,65.3203125
12210176,65.3203125
12214272,65.3203125
12218368,65.3203125
12222464,65.3203125
12226560,65.3203125
12230656,65.3203125
12234752,65.3203125
12238848,65.3203125
12242944,65.3203125
12247040,65.3203125
12251136,65.3203125
12255232,65.3203125
12259328,65.3203125
12263424,65.3203125
12267520,65.3203125
12271616,65.3203125
12275712,65.3203125
12279808,65.3203125
12283904,65.3203125
12288000,65.3203125
12292096,65.3203125
12296192,65.3203125
12300288,65.3203125
12304384,65.3203125
12308480,65.3203125
12312576,65.3203125
12316672,65.3203125
12320768,65.3203125
12324864,65.3203125
12328960,65.3203125
12333056,65.3203125
12337152,65.3203125
12341248,65.3203125
12345344,65.3203125
12349440,65.3203125
12353536,65.3203125
12357632,65.3203125
12361728,65.3203125
12365824,65.3203125
12369920,65.3203125
12374016,65.3203125
12378112,65.3203125
12382208,65.3203125
12386304,65.3203125
12390400,65.3203125
12394496,65.3203125
12398592,65.3203125
12402688,65.3203125
12406784,65.3203125
12410880,65.3203125
12414976,65.3203125
12419072,65.3203125
12423168,65.3203125
12427264,65.3203125
12431360,65.3203125
12435456,65.3203125
12439552,65.3203125
12443648,65.3203125
12447744,65.3203125
12451840,65.3203125
12455936,65.3203125
12460032,65.3203125
12464128,65.3203125
12468224,65.3203125
12472320,65.3203125
12476416,65.3203125
12480512,65.3203125
12484608,65.3203125
12488704,65.3203125
12492800,65.3203125
12496896,65.3203125
12500992,65.3203125
12505088,65.3203125
12509184,65.3203125
12513280,65.3203125
12517376,65.3203125
12521472,65.3203125
12525568,65.3203125
12529664,65.3203125
12533760,65.3203125
12537856,65.3203125
12541952,65.3203125
12546048,65.3203125
12550144,65.3203125
12554240,65.3203125
12558336,65.3203125
12562432,65.3203125
12566528,65.3203125
12570624,65.3203125
12574720,65.3203125
12578816,65.3203125
12582912,65.3203125
12587008,65.3203125
12591104,65.3203125
12595200,65.3203125
12599296,65.3203125
12603392,65.3203125
12607488,65.3203125
12611584,65.3203125
12615680,65.3203125
12619776,65.3203125
12623872,65.3203125
12627968,65.3203125
12632064,65.3203125
12636160,65.3203125
12640256,65.3203125
12644352,65.3203125
12648448,65.3203125
12652544,65.3203125
12656640,65.3203125
12660736,65.3203125
12664832,65.3203125
12668928,65.3203125
12673024,65.3203125
12677120,65.3203125
12681216,65.3203125
12685312,65.3203125
12689408,65.3203125
12693504,65.3203125
12697600,65.3203125
12701696,65.3203125
12705792,65.3203125
12709888,65.3203125
12713984,65.3203125
12718080,65.3203125
12722176,65.3203125
12726272,65.3203125
12730368,65.3203125
12734464,65.3203125
12738560,65.3203125
12742656,65.3203125
12746752,65.3203125
12750848,65.3203125
12754944,65.3203125
12759040,65.3203125
12763136,65.3203125
12767232,65.3203125
12771328,65.3203125
12775424,65.3203125
12779520,65.3203125
12783616,65.3203125
12787712,65.3203125
12791808,65.3203125
12795904,65.3203125
12800000,65.3203125
12804096,65.3203125
12808192,65.3203125
12812288,65.3203125
12816384,65.3203125
12820480,65.3203125
12824576,65.3203125
12828672,65.3203125
12832768,65.3203125
12836864,65.3203125
12840960,65.3203125
12845056,65.3203125
12849152,65.3203125
12853248,65.3203125
12857344,65.3203125
12861440,65.3203125
12865536,65.3203125
12869632,65.3203125
12873728,65.3203125
12877824,65.3203125
12881920,65.3203125
12886016,65.3203125
12890112,65.3203125
12894208,65.3203125
12898304,65.3203125
12902400,65.3203125
12906496,65.3203125
12910592,65.3203125
12914688,65.3203125
12918784,65.3203125
12922880,65.3203125
12926976,65.3203125
12931072,65.3203125
12935168,65.3203125
12939264,65.3203125
12943360,65.3203125
12947456,65.3203125
12951552,65.3203125
12955648,65.3203125
12959744,65.3203125
12963840,65.3203125
12967936,65.3203125
12972032,65.3203125
12976128,65.3203125
12980224,65.3203125
12984320,65.3203125
12988416,65.3203125
12992512,65.140625
12996608,65.140625
13000704,65.140625
13004800,65.140625
13008896,65.140625
13012992,65.140625
13017088,65.140625
13021184,65.140625
13025280,65.140625
13029376,65.140625
13033472,65.140625
13037568,65.140625
13041664,65.140625
13045760,65.140625
13049856,65.140625
13053952,65.140625
13058048,65.140625
13062144,65.140625
13066240,65.140625
13070336,65.140625
13074432,65.140625
13078528,65.140625
13082624,65.140625
13086720,65.140625
13090816,65.140625
13094912,65.140625
13099008,65.140625
13103104,65.140625
13107200,65.140625
13111296,65.140625
13115392,65.140625
13119488,65.140625
13123584,65.140625
13127680,65.140625
13131776,65.140625
13135872,65.140625
13139968,65.140625
13144064,65.140625
13148160,65.140625
13152256,65.140625
13156352,65.140625
13160448,65.140625
13164544,65.140625
13168640,65.140625
13172736,65.140625
13176832,65.140625
13180928,65.140625
13185024,65.140625
13189120,65.140625
13193216,65.140625
13197312,65.140625
13201408,65.140625
13205504,65.140625
13209600,65.140625
13213696,65.140625
13217792,65.140625
13221888,65.140625
13225984,65.140625
13230080,65.140625
13234176,65.140625
13238272,65.140625
13242368,65.140625
13246464,65.140625
13250560,65.140625
13254656,65.140625
13258752,65.140625
13262848,65.140625
13266944,65.140625
13271040,65.140625
13275136,65.140625
13279232,65.140625
13283328,65.140625
13287424,65.140625
13291520,65.140625
13295616,65.140625
13299712,65.140625
13303808,65.140625
13307904,65.140625
13312000,65.140625
13316096,65.140625
13320192,65.140625
13324288,65.140625
13328384,65.140625
13332480,65.140625
13336576,65.140625
13340672,65.140625
13344768,65.140625
13348864,65.140625
13352960,65.140625
13357056,65.140625
13361152,65.140625
13365248,65.140625
13369344,65.140625
13373440,65.140625
13377536,65.140625
13381632,65.140625
13385728,65.140625
13389824,65.140625
13393920,65.140625
13398016,65.140625
13402112,65.140625
13406208,65.140625
13410304,65.140625
13414400,65.140625
13418496,65.140625
13422592,65.140625
13426688,65.140625
13430784,65.140625
13434880,65.140625
13438976,65.140625
13443072,65.140625
13447168,65.140625
13451264,65.140625
13455360,65.140625
13459456,65.140625
13463552,65.140625
13467648,65.140625
13471744,65.140625
13475840,65.140625
13479936,65.140625
13484032,65.140625
13488128,65.140625
13492224,65.140625
13496320,65.140625
13500416,65.140625
13504512,65.140625
13508608,65.140625
13512704,65.140625
13516800,65.140625
13520896,65.140625
13524992,65.140625
13529088,65.140625
13533184,65.140625
13537280,65.140625
13541376,65.140625
13545472,65.140625
13549568,65.140625
13553664,65.140625
13557760,65.140625
13561856,65.140625
13565952,65.140625
13570048,65.140625
13574144,65.140625
13578240,65.140625
13582336,65.140625
13586432,65.140625
13590528,65.140625
13594624,65.140625
13598720,65.140625
13602816,65.140625
13606912,65.140625
13611008,65.140625
13615104,65.140625
13619200,65.140625
13623296,65.140625
13627392,65.140625
13631488,65.140625
13635584,65.140625
13639680,65.140625
13643776,65.140625
13647872,65.140625
13651968,65.140625
13656064,65.140625
13660160,65.140625
13664256,65.140625
13668352,65.140625
13672448,65.140625
13676544,65.140625
13680640,65.140625
13684736,65.140625
13688832,65.140625
13692928,65.140625
13697024,65.140625
13701120,65.140625
13705216,65.140625
13709312,65.140625
13713408,65.140625
13717504,65.140625
13721600,65.140625
13725696,65.140625
13729792,65.140625
13733888,65.140625
13737984,65.140625
13742080,65.140625
13746176,65.140625
13750272,65.140625
13754368,65.140625
13758464,65.140625
13762560,65.140625
13766656,65.140625
13770752,65.140625
13774848,65.140625
13778944,65.140625
13783040,65.140625
13787136,65.140625
13791232,65.140625
13795328,65.140625
13799424,65.140625
13803520,65.140625
13807616,65.140625
13811712,65.140625
13815808,65.140625
13819904,65.140625
13824000,65.140625
13828096,65.140625
13832192,65.140625
13836288,65.140625
13840384,65.140625
13844480,65.140625
13848576,65.140625
13852672,65.140625
13856768,65.140625
13860864,65.140625
13864960,65.140625
13869056,65.140625
13873152,65.140625
13877248,65.140625
13881344,65.140625
13885440,65.140625
13889536,65.140625
13893632,65.140625
13897728,65.140625
13901824,65.140625
13905920,65.140625
13910016,65.140625
13914112,65.140625
13918208,65.140625
13922304,65.140625
13926400,65.140625
13930496,65.140625
13934592,65.140625
13938688,65.140625
13942784,65.140625
13946880,65.140625
13950976,65.140625
13955072,65.140625
13959168,65.140625
13963264,65.140625
13967360,65.140625
13971456,65.140625
13975552,65.140625
13979648,65.140625
13983744,65.140625
13987840,65.140625
13991936,64.46875
13996032,64.46875
14000128,64.46875
14004224,64.46875
14008320,64.46875
14012416,64.46875
14016512,64.46875
14020608,64.46875
14024704,64.46875
14028800,64.46875
14032896,64.46875
14036992,64.46875
14041088,64.46875
14045184,64.46875
14049280,64.46875
14053376,64.46875
14057472,64.46875
14061568,64.46875
14065664,64.46875
14069760,64.46875
14073856,64.46875
14077952,64.46875
14082048,64.46875
14086144,64.46875
14090240,64.46875
14094336,64.46875
14098432,64.46875
14102528,64.46875
14106624,64.46875
14110720,64.46875
14114816,64.46875
14118912,64.46875
14123008,64.46875
14127104,64.46875
14131200,64.46875
14135296,64.46875
14139392,64.46875
14143488,64.46875
14147584,64.46875
14151680,64.46875
14155776,64.46875
14159872,64.46875
14163968,64.46875
14168064,64.46875
14172160,64.46875
14176256,64.46875
14180352,64.46875
14184448,64.46875
14188544,64.46875
14192640,64.46875
14196736,64.46875
14200832,64.46875
14204928,64.46875
14209024,64.46875
14213120,64.46875
14217216,64.46875
14221312,64.46875
14225408,64.46875
14229504,64.46875
14233600,64.46875
14237696,64.46875
14241792,64.46875
14245888,64.46875
14249984,64.46875
14254080,64.46875
14258176,64.46875
14262272,64.46875
14266368,64.46875
14270464,64.46875
14274560,64.46875
14278656,64.46875
14282752,64.46875
14286848,64.46875
14290944,64.46875
14295040,64.46875
14299136,64.46875
14303232,64.46875
14307328,64.46875
14311424,64.46875
14315520,64.46875
14319616,64.46875
14323712,64.46875
14327808,64.46875
14331904,64.46875
14336000,64.46875
14340096,64.46875
14344192,64.46875
14348288,64.46875
14352384,64.46875
14356480,64.46875
14360576,64.46875
14364672,64.46875
14368768,64.46875
14372864,64.46875
14376960,64.46875
14381056,64.46875
14385152,64.46875
14389248,64.46875
14393344,64.46875
14397440,64.46875
14401536,64.46875
14405632,64.46875
14409728,64.46875
14413824,64.46875
14417920,64.46875
14422016,64.46875
14426112,64.46875
14430208,64.46875
14434304,64.46875
14438400,64.46875
14442496,64.46875
14446592,64.46875
14450688,64.46875
14454784,64.46875
14458880,64.46875
14462976,64.46875
14467072,64.46875
14471168,64.46875
14475264,64.46875
14479360,64.46875
14483456,64.46875
14487552,64.46875
14491648,64.46875
14495744,64.46875
14499840,64.46875
14503936,64.46875
14508032,64.46875
14512128,64.46875
14516224,64.46875
14520320,64.46875
14524416,64.46875
14528512,64.46875
14532608,64.46875
14536704,64.46875
14540800,64.46875
14544896,64.46875
14548992,64.46875
14553088,64.46875
14557184,64.46875
14561280,64.46875
14565376,64.46875
14569472,64.46875
14573568,64.46875
14577664,64.46875
14581760,64.46875
14585856,64.46875
14589952,64.46875
14594048,64.46875
14598144,64.46875
14602240,64.46875
14606336,64.46875
14610432,64.46875
14614528,64.46875
14618624,64.46875
14622720,64.46875
14626816,64.46875
14630912,64.46875
14635008,64.46875
14639104,64.46875
14643200,64.46875
14647296,64.46875
14651392,64.46875
14655488,64.46875
14659584,64.46875
14663680,64.46875
14667776,64.46875
14671872,64.46875
14675968,64.46875
14680064,64.46875
14684160,64.46875
14688256,64.46875
14692352,64.46875
14696448,64.46875
14700544,64.46875
14704640,64.46875
14708736,64.46875
14712832,64.46875
14716928,64.46875
14721024,64.46875
14725120,64.46875
14729216,64.46875
14733312,64.46875
14737408,64.46875
14741504,64.46875
14745600,64.46875
14749696,64.46875
14753792,64.46875
14757888,64.46875
14761984,64.46875
14766080,64.46875
14770176,64.46875
14774272,64.46875
14778368,64.46875
14782464,64.46875
14786560,64.46875
14790656,64.46875
14794752,64.46875
14798848,64.46875
14802944,64.46875
14807040,64.46875
14811136,64.46875
14815232,64.46875
14819328,64.46875
14823424,64.46875
14827520,64.46875
14831616,64.46875
14835712,64.46875
14839808,64.46875
14843904,64.46875
14848000,64.46875
14852096,64.46875
14856192,64.46875
14860288,64.46875
14864384,64.46875
14868480,64.46875
14872576,64.46875
14876672,64.46875
14880768,64.46875
14884864,64.46875
14888960,64.46875
14893056,64.46875
14897152,64.46875
14901248,64.46875
14905344,64.46875
14909440,64.46875
14913536,64.46875
14917632,64.46875
14921728,64.46875
14925824,64.46875
14929920,64.46875
14934016,64.46875
14938112,64.46875
14942208,64.46875
14946304,64.46875
14950400,64.46875
14954496,64.46875
14958592,64.46875
14962688,64.46875
14966784,64.46875
14970880,64.46875
14974976,64.46875
14979072,64.46875
14983168,64.46875
14987264,64.46875
14991360,66.2109375
14995456,66.2109375
14999552,66.2109375
15003648,66.2109375
15007744,66.2109375
15011840,66.2109375
15015936,66.2109375
15020032,66.2109375
15024128,66.2109375
15028224,66.2109375
15032320,66.2109375
15036416,66.2109375
15040512,66.2109375
15044608,66.2109375
15048704,66.2109375
15052800,66.2109375
15056896,66.2109375
15060992,66.2109375
15065088,66.2109375
15069184,66.2109375
15073280,66.2109375
15077376,66.2109375
15081472,66.2109375
15085568,66.2109375
15089664,66.2109375
15093760,66.2109375
15097856,66.2109375
15101952,66.2109375
15106048,66.2109375
15110144,66.2109375
15114240,66.2109375
15118336,66.2109375
15122432,66.2109375
15126528,66.2109375
15130624,66.2109375
15134720,66.2109375
15138816,66.2109375
15142912,66.2109375
15147008,66.2109375
15151104,66.2109375
15155200,66.2109375
15159296,66.2109375
15163392,66.2109375
15167488,66.2109375
15171584,66.2109375
15175680,66.2109375
15179776,66.2109375
15183872,66.2109375
15187968,66.2109375
15192064,66.2109375
15196160,66.2109375
15200256,66.2109375
15204352,66.2109375
15208448,66.2109375
15212544,66.2109375
15216640,66.2109375
15220736,66.2109375
15224832,66.2109375
15228928,66.2109375
15233024,66.2109375
15237120,66.2109375
15241216,66.2109375
15245312,66.2109375
15249408,66.2109375
15253504,66.2109375
15257600,66.2109375
15261696,66.2109375
15265792,66.2109375
15269888,66.2109375
15273984,66.2109375
15278080,66.2109375
15282176,66.2109375
15286272,66.2109375
15290368,66.2109375
15294464,66.2109375
15298560,66.2109375
15302656,66.2109375
15306752,66.2109375
15310848,66.2109375
15314944,66.2109375
15319040,66.2109375
15323136,66.2109375
15327232,66.2109375
15331328,66.2109375
15335424,66.2109375
15339520,66.2109375
15343616,66.2109375
15347712,66.2109375
15351808,66.2109375
15355904,66.2109375
15360000,66.2109375
15364096,66.2109375
15368192,66.2109375
15372288,66.2109375
15376384,66.2109375
15380480,66.2109375
15384576,66.2109375
15388672,66.2109375
15392768,66.2109375
15396864,66.2109375
15400960,66.2109375
15405056,66.2109375
15409152,66.2109375
15413248,66.2109375
15417344,66.2109375
15421440,66.2109375
15425536,66.2109375
15429632,66.2109375
15433728,66.2109375
15437824,66.2109375
15441920,66.2109375
15446016,66.2109375
15450112,66.2109375
15454208,66.2109375
15458304,66.2109375
15462400,66.2109375
15466496,66.2109375
15470592,66.2109375
15474688,66.2109375
15478784,66.2109375
15482880,66.2109375
15486976,66.2109375
15491072,66.2109375
15495168,66.2109375
15499264,66.2109375
15503360,66.2109375
15507456,66.2109375
15511552,66.2109375
15515648,66.2109375
15519744,66.2109375
15523840,66.2109375
15527936,66.2109375
15532032,66.2109375
15536128,66.2109375
15540224,66.2109375
15544320,66.2109375
15548416,66.2109375
15552512,66.2109375
15556608,66.2109375
15560704,66.2109375
15564800,66.2109375
15568896,66.2109375
15572992,66.2109375
15577088,66.2109375
15581184,66.2109375
15585280,66.2109375
15589376,66.2109375
15593472,66.2109375
15597568,66.2109375
15601664,66.2109375
15605760,66.2109375
15609856,66.2109375
15613952,66.2109375
15618048,66.2109375
15622144,66.2109375
15626240,66.2109375
15630336,66.2109375
15634432,66.2109375
15638528,66.2109375
15642624,66.2109375
15646720,66.2109375
15650816,66.2109375
15654912,66.2109375
15659008,66.2109375
15663104,66.2109375
15667200,66.2109375
15671296,66.2109375
15675392,66.2109375
15679488,66.2109375
15683584,66.2109375
15687680,66.2109375
15691776,66.2109375
15695872,66.2109375
15699968,66.2109375
15704064,66.2109375
15708160,66.2109375
15712256,66.2109375
15716352,66.2109375
15720448,66.2109375
15724544,66.2109375
15728640,66.2109375
15732736,66.2109375
15736832,66.2109375
15740928,66.2109375
15745024,66.2109375
15749120,66.2109375
15753216,66.2109375
15757312,66.2109375
15761408,66.2109375
15765504,66.2109375
15769600,66.2109375
15773696,66.2109375
15777792,66.2109375
15781888,66.2109375
15785984,66.2109375
15790080,66.2109375
15794176,66.2109375
15798272,66.2109375
15802368,66.2109375
15806464,66.2109375
15810560,66.2109375
15814656,66.2109375
15818752,66.2109375
15822848,66.2109375
15826944,66.2109375
15831040,66.2109375
15835136,66.2109375
15839232,66.2109375
15843328,66.2109375
15847424,66.2109375
15851520,66.2109375
15855616,66.2109375
15859712,66.2109375
15863808,66.2109375
15867904,66.2109375
15872000,66.2109375
15876096,66.2109375
15880192,66.2109375
15884288,66.2109375
15888384,66.2109375
15892480,66.2109375
15896576,66.2109375
15900672,66.2109375
15904768,66.2109375
15908864,66.2109375
15912960,66.2109375
15917056,66.2109375
15921152,66.2109375
15925248,66.2109375
15929344,66.2109375
15933440,66.2109375
15937536,66.2109375
15941632,66.2109375
15945728,66.2109375
15949824,66.2109375
15953920,66.2109375
15958016,66.2109375
15962112,66.2109375
15966208,66.2109375
15970304,66.2109375
15974400,66.2109375
15978496,66.2109375
15982592,66.2109375
15986688,66.2109375
15990784,66.53125
15994880,66.53125
15998976,66.53125
16003072,66.53125
16007168,66.53125
16011264,66.53125
16015360,66.53125
16019456,66.53125
16023552,66.53125
16027648,66.53125
16031744,66.53125
16035840,66.53125
16039936,66.53125
16044032,66.53125
16048128,66.53125
16052224,66.53125
16056320,66.53125
16060416,66.53125
16064512,66.53125
16068608,66.53125
16072704,66.53125
16076800,66.53125
16080896,66.53125
16084992,66.53125
16089088,66.53125
16093184,66.53125
16097280,66.53125
16101376,66.53125
16105472,66.53125
16109568,66.53125
16113664,66.53125
16117760,66.53125
16121856,66.53125
16125952,66.53125
16130048,66.53125
16134144,66.53125
16138240,66.53125
16142336,66.53125
16146432,66.53125
16150528,66.53125
16154624,66.53125
16158720,66.53125
16162816,66.53125
16166912,66.53125
16171008,66.53125
16175104,66.53125
16179200,66.53125
16183296,66.53125
16187392,66.53125
16191488,66.53125
16195584,66.53125
16199680,66.53125
16203776,66.53125
16207872,66.53125
16211968,66.53125
16216064,66.53125
16220160,66.53125
16224256,66.53125
16228352,66.53125
16232448,66.53125
16236544,66.53125
16240640,66.53125
16244736,66.53125
16248832,66.53125
16252928,66.53125
16257024,66.53125
16261120,66.53125
16265216,66.53125
16269312,66.53125
16273408,66.53125
16277504,66.53125
16281600,66.53125
16285696,66.53125
16289792,66.53125
16293888,66.53125
16297984,66.53125
16302080,66.53125
16306176,66.53125
16310272,66.53125
16314368,66.53125
16318464,66.53125
16322560,66.53125
16326656,66.53125
16330752,66.53125
16334848,66.53125
16338944,66.53125
16343040,66.53125
16347136,66.53125
16351232,66.53125
16355328,66.53125
16359424,66.53125
16363520,66.53125
16367616,66.53125
16371712,66.53125
16375808,66.53125
16379904,66.53125
16384000,66.53125
16388096,66.53125
16392192,66.53125
16396288,66.53125
16400384,66.53125
16404480,66.53125
16408576,66.53125
16412672,66.53125
16416768,66.53125
16420864,66.53125
16424960,66.53125
16429056,66.53125
16433152,66.53125
16437248,66.53125
16441344,66.53125
16445440,66.53125
16449536,66.53125
16453632,66.53125
16457728,66.53125
16461824,66.53125
16465920,66.53125
16470016,66.53125
16474112,66.53125
16478208,66.53125
16482304,66.53125
16486400,66.53125
16490496,66.53125
16494592,66.53125
16498688,66.53125
16502784,66.53125
16506880,66.53125
16510976,66.53125
16515072,66.53125
16519168,66.53125
16523264,66.53125
16527360,66.53125
16531456,66.53125
16535552,66.53125
16539648,66.53125
16543744,66.53125
16547840,66.53125
16551936,66.53125
16556032,66.53125
16560128,66.53125
16564224,66.53125
16568320,66.53125
16572416,66.53125
16576512,66.53125
16580608,66.53125
16584704,66.53125
16588800,66.53125
16592896,66.53125
16596992,66.53125
16601088,66.53125
16605184,66.53125
16609280,66.53125
16613376,66.53125
16617472,66.53125
16621568,66.53125
16625664,66.53125
16629760,66.53125
16633856,66.53125
16637952,66.53125
16642048,66.53125
16646144,66.53125
16650240,66.53125
16654336,66.53125
16658432,66.53125
16662528,66.53125
16666624,66.53125
16670720,66.53125
16674816,66.53125
16678912,66.53125
16683008,66.53125
16687104,66.53125
16691200,66.53125
16695296,66.53125
16699392,66.53125
16703488,66.53125
16707584,66.53125
16711680,66.53125
16715776,66.53125
16719872,66.53125
16723968,66.53125
16728064,66.53125
16732160,66.53125
16736256,66.53125
16740352,66.53125
16744448,66.53125
16748544,66.53125
16752640,66.53125
16756736,66.53125
16760832,66.53125
16764928,66.53125
16769024,66.53125
16773120,66.53125
16777216,66.53125
16781312,66.53125
16785408,66.53125
16789504,66.53125
16793600,66.53125
16797696,66.53125
16801792,66.53125
16805888,66.53125
16809984,66.53125
16814080,66.53125
16818176,66.53125
16822272,66.53125
16826368,66.53125
16830464,66.53125
16834560,66.53125
16838656,66.53125
16842752,66.53125
16846848,66.53125
16850944,66.53125
16855040,66.53125
16859136,66.53125
16863232,66.53125
16867328,66.53125
16871424,66.53125
16875520,66.53125
16879616,66.53125
16883712,66.53125
16887808,66.53125
16891904,66.53125
16896000,66.53125
16900096,66.53125
16904192,66.53125
16908288,66.53125
16912384,66.53125
16916480,66.53125
16920576,66.53125
16924672,66.53125
16928768,66.53125
16932864,66.53125
16936960,66.53125
16941056,66.53125
16945152,66.53125
16949248,66.53125
16953344,66.53125
16957440,66.53125
16961536,66.53125
16965632,66.53125
16969728,66.53125
16973824,66.53125
16977920,66.53125
16982016,66.53125
16986112,66.53125
16990208,64.9765625
16994304,64.9765625
16998400,64.9765625
17002496,64.9765625
17006592,64.9765625
17010688,64.9765625
17014784,64.9765625
17018880,64.9765625
17022976,64.9765625
17027072,64.9765625
17031168,64.9765625
17035264,64.9765625
17039360,64.9765625
17043456,64.9765625
17047552,64.9765625
17051648,64.9765625
17055744,64.9765625
17059840,64.9765625
17063936,64.9765625
17068032,64.9765625
17072128,64.9765625
17076224,64.9765625
17080320,64.9765625
17084416,64.9765625
17088512,64.9765625
17092608,64.9765625
17096704,64.9765625
17100800,64.9765625
17104896,64.9765625
17108992,64.9765625
17113088,64.9765625
17117184,64.9765625
17121280,64.9765625
17125376,64.9765625
17129472,64.9765625
17133568,64.9765625
17137664,64.9765625
17141760,64.9765625
17145856,64.9765625
17149952,64.9765625
17154048,64.9765625
17158144,64.9765625
17162240,64.9765625
17166336,64.9765625
17170432,64.9765625
17174528,64.9765625
17178624,64.9765625
17182720,64.9765625
17186816,64.9765625
17190912,64.9765625
17195008,64.9765625
17199104,64.9765625
17203200,64.9765625
17207296,64.9765625
17211392,64.9765625
17215488,64.9765625
17219584,64.9765625
17223680,64.9765625
17227776,64.9765625
17231872,64.9765625
17235968,64.9765625
17240064,64.9765625
17244160,64.9765625
17248256,64.9765625
17252352,64.9765625
17256448,64.9765625
17260544,64.9765625
17264640,64.9765625
17268736,64.9765625
17272832,64.9765625
17276928,64.9765625
17281024,64.9765625
17285120,64.9765625
17289216,64.9765625
17293312,64.9765625
17297408,64.9765625
17301504,64.9765625
17305600,64.9765625
17309696,64.9765625
17313792,64.9765625
17317888,64.9765625
17321984,64.9765625
17326080,64.9765625
17330176,64.9765625
17334272,64.9765625
17338368,64.9765625
17342464,64.9765625
17346560,64.9765625
17350656,64.9765625
17354752,64.9765625
17358848,64.9765625
17362944,64.9765625
17367040,64.9765625
17371136,64.9765625
17375232,64.9765625
17379328,64.9765625
17383424,64.9765625
17387520,64.9765625
17391616,64.9765625
17395712,64.9765625
17399808,64.9765625
17403904,64.9765625
17408000,64.9765625
17412096,64.9765625
17416192,64.9765625
17420288,64.9765625
17424384,64.9765625
17428480,64.9765625
17432576,64.9765625
17436672,64.9765625
17440768,64.9765625
17444864,64.9765625
17448960,64.9765625
17453056,64.9765625
17457152,64.9765625
17461248,64.9765625
17465344,64.9765625
17469440,64.9765625
17473536,64.9765625
17477632,64.9765625
17481728,64.9765625
17485824,64.9765625
17489920,64.9765625
17494016,64.9765625
17498112,64.9765625
17502208,64.9765625
17506304,64.9765625
17510400,64.9765625
17514496,64.9765625
17518592,64.9765625
17522688,64.9765625
17526784,64.9765625
17530880,64.9765625
17534976,64.9765625
17539072,64.9765625
17543168,64.9765625
17547264,64.9765625
17551360,64.9765625
17555456,64.9765625
17559552,64.9765625
17563648,64.9765625
17567744,64.9765625
17571840,64.9765625
17575936,64.9765625
17580032,64.9765625
17584128,64.9765625
17588224,64.9765625
17592320,64.9765625
17596416,64.9765625
17600512,64.9765625
17604608,64.9765625
17608704,64.9765625
17612800,64.9765625
17616896,64.9765625
17620992,64.9765625
17625088,64.9765625
17629184,64.9765625
17633280,64.9765625
17637376,64.9765625
17641472,64.9765625
17645568,64.9765625
17649664,64.9765625
17653760,64.9765625
17657856,64.9765625
17661952,64.9765625
17666048,64.9765625
17670144,64.9765625
17674240,64.9765625
17678336,64.9765625
17682432,64.9765625
17686528,64.9765625
17690624,64.9765625
17694720,64.9765625
17698816,64.9765625
17702912,64.9765625
17707008,64.9765625
17711104,64.9765625
17715200,64.9765625
17719296,64.9765625
17723392,64.9765625
17727488,64.9765625
17731584,64.9765625
17735680,64.9765625
17739776,64.9765625
17743872,64.9765625
17747968,64.9765625
17752064,64.9765625
17756160,64.9765625
17760256,64.9765625
17764352,64.9765625
17768448,64.9765625
17772544,64.9765625
17776640,64.9765625
17780736,64.9765625
17784832,64.9765625
17788928,64.9765625
17793024,64.9765625
17797120,64.9765625
17801216,64.9765625
17805312,64.9765625
17809408,64.9765625
17813504,64.9765625
17817600,64.9765625
17821696,64.9765625
17825792,64.9765625
17829888,64.9765625
17833984,64.9765625
17838080,64.9765625
17842176,64.9765625
17846272,64.9765625
17850368,64.9765625
17854464,64.9765625
17858560,64.9765625
17862656,64.9765625
17866752,64.9765625
17870848,64.9765625
17874944,64.9765625
17879040,64.9765625
17883136,64.9765625
17887232,64.9765625
17891328,64.9765625
17895424,64.9765625
17899520,64.9765625
17903616,64.9765625
17907712,64.9765625
17911808,64.9765625
17915904,64.9765625
17920000,64.9765625
17924096,64.9765625
17928192,64.9765625
17932288,64.9765625
17936384,64.9765625
17940480,64.9765625
17944576,64.9765625
17948672,64.9765625
17952768,64.9765625
17956864,64.9765625
17960960,64.9765625
17965056,64.9765625
17969152,64.9765625
17973248,64.9765625
17977344,64.9765625
17981440,64.9765625
17985536,64.9765625
17989632,66.7421875
17993728,66.7421875
17997824,66.7421875
18001920,66.7421875
18006016,66.7421875
18010112,66.7421875
18014208,66.7421875
18018304,66.7421875
18022400,66.7421875
18026496,66.7421875
18030592,66.7421875
18034688,66.7421875
18038784,66.7421875
18042880,66.7421875
18046976,66.7421875
18051072,66.7421875
18055168,66.7421875
18059264,66.7421875
18063360,66.7421875
18067456,66.7421875
18071552,66.7421875
18075648,66.7421875
18079744,66.7421875
18083840,66.7421875
18087936,66.7421875
18092032,66.7421875
18096128,66.7421875
18100224,66.7421875
18104320,66.7421875
18108416,66.7421875
18112512,66.7421875
18116608,66.7421875
18120704,66.7421875
18124800,66.7421875
18128896,66.7421875
18132992,66.7421875
18137088,66.7421875
18141184,66.7421875
18145280,66.7421875
18149376,66.7421875
18153472,66.7421875
18157568,66.7421875
18161664,66.7421875
18165760,66.7421875
18169856,66.7421875
18173952,66.7421875
18178048,66.7421875
18182144,66.7421875
18186240,66.7421875
18190336,66.7421875
18194432,66.7421875
18198528,66.7421875
18202624,66.7421875
18206720,66.7421875
18210816,66.7421875
18214912,66.7421875
18219008,66.7421875
18223104,66.7421875
18227200,66.7421875
18231296,66.7421875
18235392,66.7421875
18239488,66.7421875
18243584,66.7421875
18247680,66.7421875
18251776,66.7421875
18255872,66.7421875
18259968,66.7421875
18264064,66.7421875
18268160,66.7421875
18272256,66.7421875
18276352,66.7421875
18280448,66.7421875
18284544,66.7421875
18288640,66.7421875
18292736,66.7421875
18296832,66.7421875
18300928,66.7421875
18305024,66.7421875
18309120,66.7421875
18313216,66.7421875
18317312,66.7421875
18321408,66.7421875
18325504,66.7421875
18329600,66.7421875
18333696,66.7421875
18337792,66.7421875
18341888,66.7421875
18345984,66.7421875
18350080,66.7421875
18354176,66.7421875
18358272,66.7421875
18362368,66.7421875
18366464,66.7421875
18370560,66.7421875
18374656,66.7421875
18378752,66.7421875
18382848,66.7421875
18386944,66.7421875
18391040,66.7421875
18395136,66.7421875
18399232,66.7421875
18403328,66.7421875
18407424,66.7421875
18411520,66.7421875
18415616,66.7421875
18419712,66.7421875
18423808,66.7421875
18427904,66.7421875
18432000,66.7421875
18436096,66.7421875
18440192,66.7421875
18444288,66.7421875
18448384,66.7421875
18452480,66.7421875
18456576,66.7421875
18460672,66.7421875
18464768,66.7421875
18468864,66.7421875
18472960,66.7421875
18477056,66.7421875
18481152,66.7421875
18485248,66.7421875
18489344,66.7421875
18493440,66.7421875
18497536,66.7421875
18501632,66.7421875
18505728,66.7421875
18509824,66.7421875
18513920,66.7421875
18518016,66.7421875
18522112,66.7421875
18526208,66.7421875
18530304,66.7421875
18534400,66.7421875
18538496,66.7421875
18542592,66.7421875
18546688,66.7421875
18550784,66.7421875
18554880,66.7421875
18558976,66.7421875
18563072,66.7421875
18567168,66.7421875
18571264,66.7421875
18575360,66.7421875
18579456,66.7421875
18583552,66.7421875
18587648,66.7421875
18591744,66.7421875
18595840,66.7421875
18599936,66.7421875
18604032,66.7421875
18608128,66.7421875
18612224,66.7421875
18616320,66.7421875
18620416,66.7421875
18624512,66.7421875
18628608,66.7421875
18632704,66.7421875
18636800,66.7421875
18640896,66.7421875
18644992,66.7421875
18649088,66.7421875
18653184,66.7421875
18657280,66.7421875
18661376,66.7421875
18665472,66.7421875
18669568,66.7421875
18673664,66.7421875
18677760,66.7421875
18681856,66.7421875
18685952,66.7421875
18690048,66.7421875
18694144,66.7421875
18698240,66.7421875
18702336,66.7421875
18706432,66.7421875
18710528,66.7421875
18714624,66.7421875
18718720,66.7421875
18722816,66.7421875
18726912,66.7421875
18731008,66.7421875
18735104,66.7421875
18739200,66.7421875
18743296,66.7421875
18747392,66.7421875
18751488,66.7421875
18755584,66.7421875
18759680,66.7421875
18763776,66.7421875
18767872,66.7421875
18771968,66.7421875
18776064,66.7421875
18780160,66.7421875
18784256,66.7421875
18788352,66.7421875
18792448,66.7421875
18796544,66.7421875
18800640,66.7421875
18804736,66.7421875
18808832,66.7421875
18812928,66.7421875
18817024,66.7421875
18821120,66.7421875
18825216,66.7421875
18829312,66.7421875
18833408,66.7421875
18837504,66.7421875
18841600,66.7421875
18845696,66.7421875
18849792,66.7421875
18853888,66.7421875
18857984,66.7421875
18862080,66.7421875
18866176,66.7421875
18870272,66.7421875
18874368,66.7421875
18878464,66.7421875
18882560,66.7421875
18886656,66.7421875
18890752,66.7421875
18894848,66.7421875
18898944,66.7421875
18903040,66.7421875
18907136,66.7421875
18911232,66.7421875
18915328,66.7421875
18919424,66.7421875
18923520,66.7421875
18927616,66.7421875
18931712,66.7421875
18935808,66.7421875
18939904,66.7421875
18944000,66.7421875
18948096,66.7421875
18952192,66.7421875
18956288,66.7421875
18960384,66.7421875
18964480,66.7421875
18968576,66.7421875
18972672,66.7421875
18976768,66.7421875
18980864,66.7421875
18984960,66.7421875
18989056,67.0390625
18993152,67.0390625
18997248,67.0390625
19001344,67.0390625
19005440,67.0390625
19009536,67.0390625
19013632,67.0390625
19017728,67.0390625
19021824,67.0390625
19025920,67.0390625
19030016,67.0390625
19034112,67.0390625
19038208,67.0390625
19042304,67.0390625
19046400,67.0390625
19050496,67.0390625
19054592,67.0390625
19058688,67.0390625
19062784,67.0390625
19066880,67.0390625
19070976,67.0390625
19075072,67.0390625
19079168,67.0390625
19083264,67.0390625
19087360,67.0390625
19091456,67.0390625
19095552,67.0390625
19099648,67.0390625
19103744,67.0390625
19107840,67.0390625
19111936,67.0390625
19116032,67.0390625
19120128,67.0390625
19124224,67.0390625
19128320,67.0390625
19132416,67.0390625
19136512,67.0390625
19140608,67.0390625
19144704,67.0390625
19148800,67.0390625
19152896,67.0390625
19156992,67.0390625
19161088,67.0390625
19165184,67.0390625
19169280,67.0390625
19173376,67.0390625
19177472,67.0390625
19181568,67.0390625
19185664,67.0390625
19189760,67.0390625
19193856,67.0390625
19197952,67.0390625
19202048,67.0390625
19206144,67.0390625
19210240,67.0390625
19214336,67.0390625
19218432,67.0390625
19222528,67.0390625
19226624,67.0390625
19230720,67.0390625
19234816,67.0390625
19238912,67.0390625
19243008,67.0390625
19247104,67.0390625
19251200,67.0390625
19255296,67.0390625
19259392,67.0390625
19263488,67.0390625
19267584,67.0390625
19271680,67.0390625
19275776,67.0390625
19279872,67.0390625
19283968,67.0390625
19288064,67.0390625
19292160,67.0390625
19296256,67.0390625
19300352,67.0390625
19304448,67.0390625
19308544,67.0390625
19312640,67.0390625
19316736,67.0390625
19320832,67.0390625
19324928,67.0390625
19329024,67.0390625
19333120,67.0390625
19337216,67.0390625
19341312,67.0390625
19345408,67.0390625
19349504,67.0390625
19353600,67.0390625
19357696,67.0390625
19361792,67.0390625
19365888,67.0390625
19369984,67.0390625
19374080,67.0390625
19378176,67.0390625
19382272,67.0390625
19386368,67.0390625
19390464,67.0390625
19394560,67.0390625
19398656,67.0390625
19402752,67.0390625
19406848,67.0390625
19410944,67.0390625
19415040,67.0390625
19419136,67.0390625
19423232,67.0390625
19427328,67.0390625
19431424,67.0390625
19435520,67.0390625
19439616,67.0390625
19443712,67.0390625
19447808,67.0390625
19451904,67.0390625
19456000,67.0390625
19460096,67.0390625
19464192,67.0390625
19468288,67.0390625
19472384,67.0390625
19476480,67.0390625
19480576,67.0390625
19484672,67.0390625
19488768,67.0390625
19492864,67.0390625
19496960,67.0390625
19501056,67.0390625
19505152,67.0390625
19509248,67.0390625
19513344,67.0390625
19517440,67.0390625
19521536,67.0390625
19525632,67.0390625
19529728,67.0390625
19533824,67.0390625
19537920,67.0390625
19542016,67.0390625
19546112,67.0390625
19550208,67.0390625
19554304,67.0390625
19558400,67.0390625
19562496,67.0390625
19566592,67.0390625
19570688,67.0390625
19574784,67.0390625
19578880,67.0390625
19582976,67.0390625
19587072,67.0390625
19591168,67.0390625
19595264,67.0390625
19599360,67.0390625
19603456,67.0390625
19607552,67.0390625
19611648,67.0390625
19615744,67.0390625
19619840,67.0390625
19623936,67.0390625
19628032,67.0390625
19632128,67.0390625
19636224,67.0390625
19640320,67.0390625
19644416,67.0390625
19648512,67.0390625
19652608,67.0390625
19656704,67.0390625
19660800,67.0390625
19664896,67.0390625
19668992,67.0390625
19673088,67.0390625
19677184,67.0390625
19681280,67.0390625
19685376,67.0390625
19689472,67.0390625
19693568,67.0390625
19697664,67.0390625
19701760,67.0390625
19705856,67.0390625
19709952,67.0390625
19714048,67.0390625
19718144,67.0390625
19722240,67.0390625
19726336,67.0390625
19730432,67.0390625
19734528,67.0390625
19738624,67.0390625
19742720,67.0390625
19746816,67.0390625
19750912,67.0390625
19755008,67.0390625
19759104,67.0390625
19763200,67.0390625
19767296,67.0390625
19771392,67.0390625
19775488,67.0390625
19779584,67.0390625
19783680,67.0390625
19787776,67.0390625
19791872,67.0390625
19795968,67.0390625
19800064,67.0390625
19804160,67.0390625
19808256,67.0390625
19812352,67.0390625
19816448,67.0390625
19820544,67.0390625
19824640,67.0390625
19828736,67.0390625
19832832,67.0390625
19836928,67.0390625
19841024,67.0390625
19845120,67.0390625
19849216,67.0390625
19853312,67.0390625
19857408,67.0390625
19861504,67.0390625
19865600,67.0390625
19869696,67.0390625
19873792,67.0390625
19877888,67.0390625
19881984,67.0390625
19886080,67.0390625
19890176,67.0390625
19894272,67.0390625
19898368,67.0390625
19902464,67.0390625
19906560,67.0390625
19910656,67.0390625
19914752,67.0390625
19918848,67.0390625
19922944,67.0390625
19927040,67.0390625
19931136,67.0390625
19935232,67.0390625
19939328,67.0390625
19943424,67.0390625
19947520,67.0390625
19951616,67.0390625
19955712,67.0390625
19959808,67.0390625
19963904,67.0390625
19968000,67.0390625
19972096,67.0390625
19976192,67.0390625
19980288,67.0390625
19984384,67.0390625
19988480,67.3828125
19992576,67.3828125
19996672,67.3828125
