env_step,test_returned_episode_returns
4096,0.6380952596664429
8192,0.6380952596664429
12288,0.6380952596664429
16384,0.6380952596664429
20480,0.6380952596664429
24576,0.6380952596664429
28672,0.6380952596664429
32768,0.6380952596664429
36864,0.6380952596664429
40960,0.6380952596664429
45056,0.6380952596664429
49152,0.6380952596664429
53248,0.6380952596664429
57344,0.6380952596664429
61440,0.6380952596664429
65536,0.6380952596664429
69632,0.6380952596664429
73728,0.6380952596664429
77824,0.6380952596664429
81920,0.6380952596664429
86016,0.6380952596664429
90112,0.6380952596664429
94208,0.6380952596664429
98304,0.6380952596664429
102400,0.6380952596664429
106496,0.6380952596664429
110592,0.6380952596664429
114688,0.6380952596664429
118784,0.6380952596664429
122880,0.6380952596664429
126976,0.6380952596664429
131072,0.6380952596664429
135168,0.6380952596664429
139264,0.6380952596664429
143360,0.6380952596664429
147456,0.6380952596664429
151552,0.6380952596664429
155648,0.6380952596664429
159744,0.6380952596664429
163840,0.6380952596664429
167936,0.6380952596664429
172032,0.6380952596664429
176128,0.6380952596664429
180224,0.6380952596664429
184320,0.6380952596664429
188416,0.6380952596664429
192512,0.6380952596664429
196608,0.6380952596664429
200704,0.6380952596664429
204800,0.6380952596664429
208896,0.6380952596664429
212992,0.6380952596664429
217088,0.6380952596664429
221184,0.6380952596664429
225280,0.6380952596664429
229376,0.6380952596664429
233472,0.6380952596664429
237568,0.6380952596664429
241664,0.6380952596664429
245760,0.6380952596664429
249856,0.6380952596664429
253952,0.6380952596664429
258048,0.6380952596664429
262144,0.6380952596664429
266240,0.6380952596664429
270336,0.6380952596664429
274432,0.6380952596664429
278528,0.6380952596664429
282624,0.6380952596664429
286720,0.6380952596664429
290816,0.6380952596664429
294912,0.6380952596664429
299008,0.6380952596664429
303104,0.6380952596664429
307200,0.6380952596664429
311296,0.6380952596664429
315392,0.6380952596664429
319488,0.6380952596664429
323584,0.6380952596664429
327680,0.6380952596664429
331776,0.6380952596664429
335872,0.6380952596664429
339968,0.6380952596664429
344064,0.6380952596664429
348160,0.6380952596664429
352256,0.6380952596664429
356352,0.6380952596664429
360448,0.6380952596664429
364544,0.6380952596664429
368640,0.6380952596664429
372736,0.6380952596664429
376832,0.6380952596664429
380928,0.6380952596664429
385024,0.6380952596664429
389120,0.6380952596664429
393216,0.6380952596664429
397312,0.6380952596664429
401408,0.6380952596664429
405504,0.6380952596664429
409600,0.6380952596664429
413696,0.6380952596664429
417792,0.6380952596664429
421888,0.6380952596664429
425984,0.6380952596664429
430080,0.6380952596664429
434176,0.6380952596664429
438272,0.6380952596664429
442368,0.6380952596664429
446464,0.6380952596664429
450560,0.6380952596664429
454656,0.6380952596664429
458752,0.6380952596664429
462848,0.6380952596664429
466944,0.6380952596664429
471040,0.6380952596664429
475136,0.6380952596664429
479232,0.6380952596664429
483328,0.6380952596664429
487424,0.6380952596664429
491520,0.6380952596664429
495616,0.6380952596664429
499712,0.6380952596664429
503808,0.6380952596664429
507904,0.6380952596664429
512000,0.6380952596664429
516096,0.6380952596664429
520192,0.6380952596664429
524288,0.6380952596664429
528384,0.6380952596664429
532480,0.6380952596664429
536576,0.6380952596664429
540672,0.6380952596664429
544768,0.6380952596664429
548864,0.6380952596664429
552960,0.6380952596664429
557056,0.6380952596664429
561152,0.6380952596664429
565248,0.6380952596664429
569344,0.6380952596664429
573440,0.6380952596664429
577536,0.6380952596664429
581632,0.6380952596664429
585728,0.6380952596664429
589824,0.6380952596664429
593920,0.6380952596664429
598016,0.6380952596664429
602112,0.6380952596664429
606208,0.6380952596664429
610304,0.6380952596664429
614400,0.6380952596664429
618496,0.6380952596664429
622592,0.6380952596664429
626688,0.6380952596664429
630784,0.6380952596664429
634880,0.6380952596664429
638976,0.6380952596664429
643072,0.6380952596664429
647168,0.6380952596664429
651264,0.6380952596664429
655360,0.6380952596664429
659456,0.6380952596664429
663552,0.6380952596664429
667648,0.6380952596664429
671744,0.6380952596664429
675840,0.6380952596664429
679936,0.6380952596664429
684032,0.6380952596664429
688128,0.6380952596664429
692224,0.6380952596664429
696320,0.6380952596664429
700416,0.6380952596664429
704512,0.6380952596664429
708608,0.6380952596664429
712704,0.6380952596664429
716800,0.6380952596664429
720896,0.6380952596664429
724992,0.6380952596664429
729088,0.6380952596664429
733184,0.6380952596664429
737280,0.6380952596664429
741376,0.6380952596664429
745472,0.6380952596664429
749568,0.6380952596664429
753664,0.6380952596664429
757760,0.6380952596664429
761856,0.6380952596664429
765952,0.6380952596664429
770048,0.6380952596664429
774144,0.6380952596664429
778240,0.6380952596664429
782336,0.6380952596664429
786432,0.6380952596664429
790528,0.6380952596664429
794624,0.6380952596664429
798720,0.6380952596664429
802816,0.6380952596664429
806912,0.6380952596664429
811008,0.6380952596664429
815104,0.6380952596664429
819200,0.6380952596664429
823296,0.6380952596664429
827392,0.6380952596664429
831488,0.6380952596664429
835584,0.6380952596664429
839680,0.6380952596664429
843776,0.6380952596664429
847872,0.6380952596664429
851968,0.6380952596664429
856064,0.6380952596664429
860160,0.6380952596664429
864256,0.6380952596664429
868352,0.6380952596664429
872448,0.6380952596664429
876544,0.6380952596664429
880640,0.6380952596664429
884736,0.6380952596664429
888832,0.6380952596664429
892928,0.6380952596664429
897024,0.6380952596664429
901120,0.6380952596664429
905216,0.6380952596664429
909312,0.6380952596664429
913408,0.6380952596664429
917504,0.6380952596664429
921600,0.6380952596664429
925696,0.6380952596664429
929792,0.6380952596664429
933888,0.6380952596664429
937984,0.6380952596664429
942080,0.6380952596664429
946176,0.6380952596664429
950272,0.6380952596664429
954368,0.6380952596664429
958464,0.6380952596664429
962560,0.6380952596664429
966656,0.6380952596664429
970752,0.6380952596664429
974848,0.6380952596664429
978944,0.6380952596664429
983040,0.6380952596664429
987136,0.6380952596664429
991232,0.6380952596664429
995328,0.6380952596664429
999424,0.6380952596664429
1003520,0.6380952596664429
1007616,0.6380952596664429
1011712,0.6380952596664429
1015808,0.6380952596664429
1019904,0.6380952596664429
1024000,0.6380952596664429
1028096,0.6380952596664429
1032192,0.6380952596664429
1036288,0.6380952596664429
1040384,0.6380952596664429
1044480,0.6380952596664429
1048576,1.9399999380111688
1052672,1.9399999380111688
1056768,1.9399999380111688
1060864,1.9399999380111688
1064960,1.9399999380111688
1069056,1.9399999380111688
1073152,1.9399999380111688
1077248,1.9399999380111688
1081344,1.9399999380111688
1085440,1.9399999380111688
1089536,1.9399999380111688
1093632,1.9399999380111688
1097728,1.9399999380111688
1101824,1.9399999380111688
1105920,1.9399999380111688
1110016,1.9399999380111688
1114112,1.9399999380111688
1118208,1.9399999380111688
1122304,1.9399999380111688
1126400,1.9399999380111688
1130496,1.9399999380111688
1134592,1.9399999380111688
1138688,1.9399999380111688
1142784,1.9399999380111688
1146880,1.9399999380111688
1150976,1.9399999380111688
1155072,1.9399999380111688
1159168,1.9399999380111688
1163264,1.9399999380111688
1167360,1.9399999380111688
1171456,1.9399999380111688
1175552,1.9399999380111688
1179648,1.9399999380111688
1183744,1.9399999380111688
1187840,1.9399999380111688
1191936,1.9399999380111688
1196032,1.9399999380111688
1200128,1.9399999380111688
1204224,1.9399999380111688
1208320,1.9399999380111688
1212416,1.9399999380111688
1216512,1.9399999380111688
1220608,1.9399999380111688
1224704,1.9399999380111688
1228800,1.9399999380111688
1232896,1.9399999380111688
1236992,1.9399999380111688
1241088,1.9399999380111688
1245184,1.9399999380111688
1249280,1.9399999380111688
1253376,1.9399999380111688
1257472,1.9399999380111688
1261568,1.9399999380111688
1265664,1.9399999380111688
1269760,1.9399999380111688
1273856,1.9399999380111688
1277952,1.9399999380111688
1282048,1.9399999380111688
1286144,1.9399999380111688
1290240,1.9399999380111688
1294336,1.9399999380111688
1298432,1.9399999380111688
1302528,1.9399999380111688
1306624,1.9399999380111688
1310720,1.9399999380111688
1314816,1.9399999380111688
1318912,1.9399999380111688
1323008,1.9399999380111688
1327104,1.9399999380111688
1331200,1.9399999380111688
1335296,1.9399999380111688
1339392,1.9399999380111688
1343488,1.9399999380111688
1347584,1.9399999380111688
1351680,1.9399999380111688
1355776,1.9399999380111688
1359872,1.9399999380111688
1363968,1.9399999380111688
1368064,1.9399999380111688
1372160,1.9399999380111688
1376256,1.9399999380111688
1380352,1.9399999380111688
1384448,1.9399999380111688
1388544,1.9399999380111688
1392640,1.9399999380111688
1396736,1.9399999380111688
1400832,1.9399999380111688
1404928,1.9399999380111688
1409024,1.9399999380111688
1413120,1.9399999380111688
1417216,1.9399999380111688
1421312,1.9399999380111688
1425408,1.9399999380111688
1429504,1.9399999380111688
1433600,1.9399999380111688
1437696,1.9399999380111688
1441792,1.9399999380111688
1445888,1.9399999380111688
1449984,1.9399999380111688
1454080,1.9399999380111688
1458176,1.9399999380111688
1462272,1.9399999380111688
1466368,1.9399999380111688
1470464,1.9399999380111688
1474560,1.9399999380111688
1478656,1.9399999380111688
1482752,1.9399999380111688
1486848,1.9399999380111688
1490944,1.9399999380111688
1495040,1.9399999380111688
1499136,1.9399999380111688
1503232,1.9399999380111688
1507328,1.9399999380111688
1511424,1.9399999380111688
1515520,1.9399999380111688
1519616,1.9399999380111688
1523712,1.9399999380111688
1527808,1.9399999380111688
1531904,1.9399999380111688
1536000,1.9399999380111688
1540096,1.9399999380111688
1544192,1.9399999380111688
1548288,1.9399999380111688
1552384,1.9399999380111688
1556480,1.9399999380111688
1560576,1.9399999380111688
1564672,1.9399999380111688
1568768,1.9399999380111688
1572864,1.9399999380111688
1576960,1.9399999380111688
1581056,1.9399999380111688
1585152,1.9399999380111688
1589248,1.9399999380111688
1593344,1.9399999380111688
1597440,1.9399999380111688
1601536,1.9399999380111688
1605632,1.9399999380111688
1609728,1.9399999380111688
1613824,1.9399999380111688
1617920,1.9399999380111688
1622016,1.9399999380111688
1626112,1.9399999380111688
1630208,1.9399999380111688
1634304,1.9399999380111688
1638400,1.9399999380111688
1642496,1.9399999380111688
1646592,1.9399999380111688
1650688,1.9399999380111688
1654784,1.9399999380111688
1658880,1.9399999380111688
1662976,1.9399999380111688
1667072,1.9399999380111688
1671168,1.9399999380111688
1675264,1.9399999380111688
1679360,1.9399999380111688
1683456,1.9399999380111688
1687552,1.9399999380111688
1691648,1.9399999380111688
1695744,1.9399999380111688
1699840,1.9399999380111688
1703936,1.9399999380111688
1708032,1.9399999380111688
1712128,1.9399999380111688
1716224,1.9399999380111688
1720320,1.9399999380111688
1724416,1.9399999380111688
1728512,1.9399999380111688
1732608,1.9399999380111688
1736704,1.9399999380111688
1740800,1.9399999380111688
1744896,1.9399999380111688
1748992,1.9399999380111688
1753088,1.9399999380111688
1757184,1.9399999380111688
1761280,1.9399999380111688
1765376,1.9399999380111688
1769472,1.9399999380111688
1773568,1.9399999380111688
1777664,1.9399999380111688
1781760,1.9399999380111688
1785856,1.9399999380111688
1789952,1.9399999380111688
1794048,1.9399999380111688
1798144,1.9399999380111688
1802240,1.9399999380111688
1806336,1.9399999380111688
1810432,1.9399999380111688
1814528,1.9399999380111688
1818624,1.9399999380111688
1822720,1.9399999380111688
1826816,1.9399999380111688
1830912,1.9399999380111688
1835008,1.9399999380111688
1839104,1.9399999380111688
1843200,1.9399999380111688
1847296,1.9399999380111688
1851392,1.9399999380111688
1855488,1.9399999380111688
1859584,1.9399999380111688
1863680,1.9399999380111688
1867776,1.9399999380111688
1871872,1.9399999380111688
1875968,1.9399999380111688
1880064,1.9399999380111688
1884160,1.9399999380111688
1888256,1.9399999380111688
1892352,1.9399999380111688
1896448,1.9399999380111688
1900544,1.9399999380111688
1904640,1.9399999380111688
1908736,1.9399999380111688
1912832,1.9399999380111688
1916928,1.9399999380111688
1921024,1.9399999380111688
1925120,1.9399999380111688
1929216,1.9399999380111688
1933312,1.9399999380111688
1937408,1.9399999380111688
1941504,1.9399999380111688
1945600,1.9399999380111688
1949696,1.9399999380111688
1953792,1.9399999380111688
1957888,1.9399999380111688
1961984,1.9399999380111688
1966080,1.9399999380111688
1970176,1.9399999380111688
1974272,1.9399999380111688
1978368,1.9399999380111688
1982464,1.9399999380111688
1986560,1.9399999380111688
1990656,1.9399999380111688
1994752,1.9399999380111688
1998848,1.9399999380111688
2002944,1.9399999380111688
2007040,1.9399999380111688
2011136,1.9399999380111688
2015232,1.9399999380111688
2019328,1.9399999380111688
2023424,1.9399999380111688
2027520,1.9399999380111688
2031616,1.9399999380111688
2035712,1.9399999380111688
2039808,1.9399999380111688
2043904,1.9399999380111688
2048000,1.9399999380111688
2052096,1.9399999380111688
2056192,1.9399999380111688
2060288,1.9399999380111688
2064384,1.9399999380111688
2068480,1.9399999380111688
2072576,1.9399999380111688
2076672,1.9399999380111688
2080768,1.9399999380111688
2084864,1.9399999380111688
2088960,1.9399999380111688
2093056,1.9399999380111688
2097152,20.933334350585938
2101248,20.933334350585938
2105344,20.933334350585938
2109440,20.933334350585938
2113536,20.933334350585938
2117632,20.933334350585938
2121728,20.933334350585938
2125824,20.933334350585938
2129920,20.933334350585938
2134016,20.933334350585938
2138112,20.933334350585938
2142208,20.933334350585938
2146304,20.933334350585938
2150400,20.933334350585938
2154496,20.933334350585938
2158592,20.933334350585938
2162688,20.933334350585938
2166784,20.933334350585938
2170880,20.933334350585938
2174976,20.933334350585938
2179072,20.933334350585938
2183168,20.933334350585938
2187264,20.933334350585938
2191360,20.933334350585938
2195456,20.933334350585938
2199552,20.933334350585938
2203648,20.933334350585938
2207744,20.933334350585938
2211840,20.933334350585938
2215936,20.933334350585938
2220032,20.933334350585938
2224128,20.933334350585938
2228224,20.933334350585938
2232320,20.933334350585938
2236416,20.933334350585938
2240512,20.933334350585938
2244608,20.933334350585938
2248704,20.933334350585938
2252800,20.933334350585938
2256896,20.933334350585938
2260992,20.933334350585938
2265088,20.933334350585938
2269184,20.933334350585938
2273280,20.933334350585938
2277376,20.933334350585938
2281472,20.933334350585938
2285568,20.933334350585938
2289664,20.933334350585938
2293760,20.933334350585938
2297856,20.933334350585938
2301952,20.933334350585938
2306048,20.933334350585938
2310144,20.933334350585938
2314240,20.933334350585938
2318336,20.933334350585938
2322432,20.933334350585938
2326528,20.933334350585938
2330624,20.933334350585938
2334720,20.933334350585938
2338816,20.933334350585938
2342912,20.933334350585938
2347008,20.933334350585938
2351104,20.933334350585938
2355200,20.933334350585938
2359296,20.933334350585938
2363392,20.933334350585938
2367488,20.933334350585938
2371584,20.933334350585938
2375680,20.933334350585938
2379776,20.933334350585938
2383872,20.933334350585938
2387968,20.933334350585938
2392064,20.933334350585938
2396160,20.933334350585938
2400256,20.933334350585938
2404352,20.933334350585938
2408448,20.933334350585938
2412544,20.933334350585938
2416640,20.933334350585938
2420736,20.933334350585938
2424832,20.933334350585938
2428928,20.933334350585938
2433024,20.933334350585938
2437120,20.933334350585938
2441216,20.933334350585938
2445312,20.933334350585938
2449408,20.933334350585938
2453504,20.933334350585938
2457600,20.933334350585938
2461696,20.933334350585938
2465792,20.933334350585938
2469888,20.933334350585938
2473984,20.933334350585938
2478080,20.933334350585938
2482176,20.933334350585938
2486272,20.933334350585938
2490368,20.933334350585938
2494464,20.933334350585938
2498560,20.933334350585938
2502656,20.933334350585938
2506752,20.933334350585938
2510848,20.933334350585938
2514944,20.933334350585938
2519040,20.933334350585938
2523136,20.933334350585938
2527232,20.933334350585938
2531328,20.933334350585938
2535424,20.933334350585938
2539520,20.933334350585938
2543616,20.933334350585938
2547712,20.933334350585938
2551808,20.933334350585938
2555904,20.933334350585938
2560000,20.933334350585938
2564096,20.933334350585938
2568192,20.933334350585938
2572288,20.933334350585938
2576384,20.933334350585938
2580480,20.933334350585938
2584576,20.933334350585938
2588672,20.933334350585938
2592768,20.933334350585938
2596864,20.933334350585938
2600960,20.933334350585938
2605056,20.933334350585938
2609152,20.933334350585938
2613248,20.933334350585938
2617344,20.933334350585938
2621440,20.933334350585938
2625536,20.933334350585938
2629632,20.933334350585938
2633728,20.933334350585938
2637824,20.933334350585938
2641920,20.933334350585938
2646016,20.933334350585938
2650112,20.933334350585938
2654208,20.933334350585938
2658304,20.933334350585938
2662400,20.933334350585938
2666496,20.933334350585938
2670592,20.933334350585938
2674688,20.933334350585938
2678784,20.933334350585938
2682880,20.933334350585938
2686976,20.933334350585938
2691072,20.933334350585938
2695168,20.933334350585938
2699264,20.933334350585938
2703360,20.933334350585938
2707456,20.933334350585938
2711552,20.933334350585938
2715648,20.933334350585938
2719744,20.933334350585938
2723840,20.933334350585938
2727936,20.933334350585938
2732032,20.933334350585938
2736128,20.933334350585938
2740224,20.933334350585938
2744320,20.933334350585938
2748416,20.933334350585938
2752512,20.933334350585938
2756608,20.933334350585938
2760704,20.933334350585938
2764800,20.933334350585938
2768896,20.933334350585938
2772992,20.933334350585938
2777088,20.933334350585938
2781184,20.933334350585938
2785280,20.933334350585938
2789376,20.933334350585938
2793472,20.933334350585938
2797568,20.933334350585938
2801664,20.933334350585938
2805760,20.933334350585938
2809856,20.933334350585938
2813952,20.933334350585938
2818048,20.933334350585938
2822144,20.933334350585938
2826240,20.933334350585938
2830336,20.933334350585938
2834432,20.933334350585938
2838528,20.933334350585938
2842624,20.933334350585938
2846720,20.933334350585938
2850816,20.933334350585938
2854912,20.933334350585938
2859008,20.933334350585938
2863104,20.933334350585938
2867200,20.933334350585938
2871296,20.933334350585938
2875392,20.933334350585938
2879488,20.933334350585938
2883584,20.933334350585938
2887680,20.933334350585938
2891776,20.933334350585938
2895872,20.933334350585938
2899968,20.933334350585938
2904064,20.933334350585938
2908160,20.933334350585938
2912256,20.933334350585938
2916352,20.933334350585938
2920448,20.933334350585938
2924544,20.933334350585938
2928640,20.933334350585938
2932736,20.933334350585938
2936832,20.933334350585938
2940928,20.933334350585938
2945024,20.933334350585938
2949120,20.933334350585938
2953216,20.933334350585938
2957312,20.933334350585938
2961408,20.933334350585938
2965504,20.933334350585938
2969600,20.933334350585938
2973696,20.933334350585938
2977792,20.933334350585938
2981888,20.933334350585938
2985984,20.933334350585938
2990080,20.933334350585938
2994176,20.933334350585938
2998272,20.933334350585938
3002368,20.933334350585938
3006464,20.933334350585938
3010560,20.933334350585938
3014656,20.933334350585938
3018752,20.933334350585938
3022848,20.933334350585938
3026944,20.933334350585938
3031040,20.933334350585938
3035136,20.933334350585938
3039232,20.933334350585938
3043328,20.933334350585938
3047424,20.933334350585938
3051520,20.933334350585938
3055616,20.933334350585938
3059712,20.933334350585938
3063808,20.933334350585938
3067904,20.933334350585938
3072000,20.933334350585938
3076096,20.933334350585938
3080192,20.933334350585938
3084288,20.933334350585938
3088384,20.933334350585938
3092480,20.933334350585938
3096576,20.933334350585938
3100672,20.933334350585938
3104768,20.933334350585938
3108864,20.933334350585938
3112960,20.933334350585938
3117056,20.933334350585938
3121152,20.933334350585938
3125248,20.933334350585938
3129344,20.933334350585938
3133440,20.933334350585938
3137536,20.933334350585938
3141632,20.933334350585938
3145728,54.0
3149824,54.0
3153920,54.0
3158016,54.0
3162112,54.0
3166208,54.0
3170304,54.0
3174400,54.0
3178496,54.0
3182592,54.0
3186688,54.0
3190784,54.0
3194880,54.0
3198976,54.0
3203072,54.0
3207168,54.0
3211264,54.0
3215360,54.0
3219456,54.0
3223552,54.0
3227648,54.0
3231744,54.0
3235840,54.0
3239936,54.0
3244032,54.0
3248128,54.0
3252224,54.0
3256320,54.0
3260416,54.0
3264512,54.0
3268608,54.0
3272704,54.0
3276800,54.0
3280896,54.0
3284992,54.0
3289088,54.0
3293184,54.0
3297280,54.0
3301376,54.0
3305472,54.0
3309568,54.0
3313664,54.0
3317760,54.0
3321856,54.0
3325952,54.0
3330048,54.0
3334144,54.0
3338240,54.0
3342336,54.0
3346432,54.0
3350528,54.0
3354624,54.0
3358720,54.0
3362816,54.0
3366912,54.0
3371008,54.0
3375104,54.0
3379200,54.0
3383296,54.0
3387392,54.0
3391488,54.0
3395584,54.0
3399680,54.0
3403776,54.0
3407872,54.0
3411968,54.0
3416064,54.0
3420160,54.0
3424256,54.0
3428352,54.0
3432448,54.0
3436544,54.0
3440640,54.0
3444736,54.0
3448832,54.0
3452928,54.0
3457024,54.0
3461120,54.0
3465216,54.0
3469312,54.0
3473408,54.0
3477504,54.0
3481600,54.0
3485696,54.0
3489792,54.0
3493888,54.0
3497984,54.0
3502080,54.0
3506176,54.0
3510272,54.0
3514368,54.0
3518464,54.0
3522560,54.0
3526656,54.0
3530752,54.0
3534848,54.0
3538944,54.0
3543040,54.0
3547136,54.0
3551232,54.0
3555328,54.0
3559424,54.0
3563520,54.0
3567616,54.0
3571712,54.0
3575808,54.0
3579904,54.0
3584000,54.0
3588096,54.0
3592192,54.0
3596288,54.0
3600384,54.0
3604480,54.0
3608576,54.0
3612672,54.0
3616768,54.0
3620864,54.0
3624960,54.0
3629056,54.0
3633152,54.0
3637248,54.0
3641344,54.0
3645440,54.0
3649536,54.0
3653632,54.0
3657728,54.0
3661824,54.0
3665920,54.0
3670016,54.0
3674112,54.0
3678208,54.0
3682304,54.0
3686400,54.0
3690496,54.0
3694592,54.0
3698688,54.0
3702784,54.0
3706880,54.0
3710976,54.0
3715072,54.0
3719168,54.0
3723264,54.0
3727360,54.0
3731456,54.0
3735552,54.0
3739648,54.0
3743744,54.0
3747840,54.0
3751936,54.0
3756032,54.0
3760128,54.0
3764224,54.0
3768320,54.0
3772416,54.0
3776512,54.0
3780608,54.0
3784704,54.0
3788800,54.0
3792896,54.0
3796992,54.0
3801088,54.0
3805184,54.0
3809280,54.0
3813376,54.0
3817472,54.0
3821568,54.0
3825664,54.0
3829760,54.0
3833856,54.0
3837952,54.0
3842048,54.0
3846144,54.0
3850240,54.0
3854336,54.0
3858432,54.0
3862528,54.0
3866624,54.0
3870720,54.0
3874816,54.0
3878912,54.0
3883008,54.0
3887104,54.0
3891200,54.0
3895296,54.0
3899392,54.0
3903488,54.0
3907584,54.0
3911680,54.0
3915776,54.0
3919872,54.0
3923968,54.0
3928064,54.0
3932160,54.0
3936256,54.0
3940352,54.0
3944448,54.0
3948544,54.0
3952640,54.0
3956736,54.0
3960832,54.0
3964928,54.0
3969024,54.0
3973120,54.0
3977216,54.0
3981312,54.0
3985408,54.0
3989504,54.0
3993600,54.0
3997696,54.0
4001792,54.0
4005888,54.0
4009984,54.0
4014080,54.0
4018176,54.0
4022272,54.0
4026368,54.0
4030464,54.0
4034560,54.0
4038656,54.0
4042752,54.0
4046848,54.0
4050944,54.0
4055040,54.0
4059136,54.0
4063232,54.0
4067328,54.0
4071424,54.0
4075520,54.0
4079616,54.0
4083712,54.0
4087808,54.0
4091904,54.0
4096000,54.0
4100096,54.0
4104192,54.0
4108288,54.0
4112384,54.0
4116480,54.0
4120576,54.0
4124672,54.0
4128768,54.0
4132864,54.0
4136960,54.0
4141056,54.0
4145152,54.0
4149248,54.0
4153344,54.0
4157440,54.0
4161536,54.0
4165632,54.0
4169728,54.0
4173824,54.0
4177920,54.0
4182016,54.0
4186112,54.0
4190208,54.0
4194304,64.70000457763672
4198400,64.70000457763672
4202496,64.70000457763672
4206592,64.70000457763672
4210688,64.70000457763672
4214784,64.70000457763672
4218880,64.70000457763672
4222976,64.70000457763672
4227072,64.70000457763672
4231168,64.70000457763672
4235264,64.70000457763672
4239360,64.70000457763672
4243456,64.70000457763672
4247552,64.70000457763672
4251648,64.70000457763672
4255744,64.70000457763672
4259840,64.70000457763672
4263936,64.70000457763672
4268032,64.70000457763672
4272128,64.70000457763672
4276224,64.70000457763672
4280320,64.70000457763672
4284416,64.70000457763672
4288512,64.70000457763672
4292608,64.70000457763672
4296704,64.70000457763672
4300800,64.70000457763672
4304896,64.70000457763672
4308992,64.70000457763672
4313088,64.70000457763672
4317184,64.70000457763672
4321280,64.70000457763672
4325376,64.70000457763672
4329472,64.70000457763672
4333568,64.70000457763672
4337664,64.70000457763672
4341760,64.70000457763672
4345856,64.70000457763672
4349952,64.70000457763672
4354048,64.70000457763672
4358144,64.70000457763672
4362240,64.70000457763672
4366336,64.70000457763672
4370432,64.70000457763672
4374528,64.70000457763672
4378624,64.70000457763672
4382720,64.70000457763672
4386816,64.70000457763672
4390912,64.70000457763672
4395008,64.70000457763672
4399104,64.70000457763672
4403200,64.70000457763672
4407296,64.70000457763672
4411392,64.70000457763672
4415488,64.70000457763672
4419584,64.70000457763672
4423680,64.70000457763672
4427776,64.70000457763672
4431872,64.70000457763672
4435968,64.70000457763672
4440064,64.70000457763672
4444160,64.70000457763672
4448256,64.70000457763672
4452352,64.70000457763672
4456448,64.70000457763672
4460544,64.70000457763672
4464640,64.70000457763672
4468736,64.70000457763672
4472832,64.70000457763672
4476928,64.70000457763672
4481024,64.70000457763672
4485120,64.70000457763672
4489216,64.70000457763672
4493312,64.70000457763672
4497408,64.70000457763672
4501504,64.70000457763672
4505600,64.70000457763672
4509696,64.70000457763672
4513792,64.70000457763672
4517888,64.70000457763672
4521984,64.70000457763672
4526080,64.70000457763672
4530176,64.70000457763672
4534272,64.70000457763672
4538368,64.70000457763672
4542464,64.70000457763672
4546560,64.70000457763672
4550656,64.70000457763672
4554752,64.70000457763672
4558848,64.70000457763672
4562944,64.70000457763672
4567040,64.70000457763672
4571136,64.70000457763672
4575232,64.70000457763672
4579328,64.70000457763672
4583424,64.70000457763672
4587520,64.70000457763672
4591616,64.70000457763672
4595712,64.70000457763672
4599808,64.70000457763672
4603904,64.70000457763672
4608000,64.70000457763672
4612096,64.70000457763672
4616192,64.70000457763672
4620288,64.70000457763672
4624384,64.70000457763672
4628480,64.70000457763672
4632576,64.70000457763672
4636672,64.70000457763672
4640768,64.70000457763672
4644864,64.70000457763672
4648960,64.70000457763672
4653056,64.70000457763672
4657152,64.70000457763672
4661248,64.70000457763672
4665344,64.70000457763672
4669440,64.70000457763672
4673536,64.70000457763672
4677632,64.70000457763672
4681728,64.70000457763672
4685824,64.70000457763672
4689920,64.70000457763672
4694016,64.70000457763672
4698112,64.70000457763672
4702208,64.70000457763672
4706304,64.70000457763672
4710400,64.70000457763672
4714496,64.70000457763672
4718592,64.70000457763672
4722688,64.70000457763672
4726784,64.70000457763672
4730880,64.70000457763672
4734976,64.70000457763672
4739072,64.70000457763672
4743168,64.70000457763672
4747264,64.70000457763672
4751360,64.70000457763672
4755456,64.70000457763672
4759552,64.70000457763672
4763648,64.70000457763672
4767744,64.70000457763672
4771840,64.70000457763672
4775936,64.70000457763672
4780032,64.70000457763672
4784128,64.70000457763672
4788224,64.70000457763672
4792320,64.70000457763672
4796416,64.70000457763672
4800512,64.70000457763672
4804608,64.70000457763672
4808704,64.70000457763672
4812800,64.70000457763672
4816896,64.70000457763672
4820992,64.70000457763672
4825088,64.70000457763672
4829184,64.70000457763672
4833280,64.70000457763672
4837376,64.70000457763672
4841472,64.70000457763672
4845568,64.70000457763672
4849664,64.70000457763672
4853760,64.70000457763672
4857856,64.70000457763672
4861952,64.70000457763672
4866048,64.70000457763672
4870144,64.70000457763672
4874240,64.70000457763672
4878336,64.70000457763672
4882432,64.70000457763672
4886528,64.70000457763672
4890624,64.70000457763672
4894720,64.70000457763672
4898816,64.70000457763672
4902912,64.70000457763672
4907008,64.70000457763672
4911104,64.70000457763672
4915200,64.70000457763672
4919296,64.70000457763672
4923392,64.70000457763672
4927488,64.70000457763672
4931584,64.70000457763672
4935680,64.70000457763672
4939776,64.70000457763672
4943872,64.70000457763672
4947968,64.70000457763672
4952064,64.70000457763672
4956160,64.70000457763672
4960256,64.70000457763672
4964352,64.70000457763672
4968448,64.70000457763672
4972544,64.70000457763672
4976640,64.70000457763672
4980736,64.70000457763672
4984832,64.70000457763672
4988928,64.70000457763672
4993024,64.70000457763672
4997120,64.70000457763672
5001216,64.70000457763672
5005312,64.70000457763672
5009408,64.70000457763672
5013504,64.70000457763672
5017600,64.70000457763672
5021696,64.70000457763672
5025792,64.70000457763672
5029888,64.70000457763672
5033984,64.70000457763672
5038080,64.70000457763672
5042176,64.70000457763672
5046272,64.70000457763672
5050368,64.70000457763672
5054464,64.70000457763672
5058560,64.70000457763672
5062656,64.70000457763672
5066752,64.70000457763672
5070848,64.70000457763672
5074944,64.70000457763672
5079040,64.70000457763672
5083136,64.70000457763672
5087232,64.70000457763672
5091328,64.70000457763672
5095424,64.70000457763672
5099520,64.70000457763672
5103616,64.70000457763672
5107712,64.70000457763672
5111808,64.70000457763672
5115904,64.70000457763672
5120000,64.70000457763672
5124096,64.70000457763672
5128192,64.70000457763672
5132288,64.70000457763672
5136384,64.70000457763672
5140480,64.70000457763672
5144576,64.70000457763672
5148672,64.70000457763672
5152768,64.70000457763672
5156864,64.70000457763672
5160960,64.70000457763672
5165056,64.70000457763672
5169152,64.70000457763672
5173248,64.70000457763672
5177344,64.70000457763672
5181440,64.70000457763672
5185536,64.70000457763672
5189632,64.70000457763672
5193728,64.70000457763672
5197824,64.70000457763672
5201920,64.70000457763672
5206016,64.70000457763672
5210112,64.70000457763672
5214208,64.70000457763672
5218304,64.70000457763672
5222400,64.70000457763672
5226496,64.70000457763672
5230592,64.70000457763672
5234688,64.70000457763672
5238784,64.70000457763672
5242880,63.60000228881836
5246976,63.60000228881836
5251072,63.60000228881836
5255168,63.60000228881836
5259264,63.60000228881836
5263360,63.60000228881836
5267456,63.60000228881836
5271552,63.60000228881836
5275648,63.60000228881836
5279744,63.60000228881836
5283840,63.60000228881836
5287936,63.60000228881836
5292032,63.60000228881836
5296128,63.60000228881836
5300224,63.60000228881836
5304320,63.60000228881836
5308416,63.60000228881836
5312512,63.60000228881836
5316608,63.60000228881836
5320704,63.60000228881836
5324800,63.60000228881836
5328896,63.60000228881836
5332992,63.60000228881836
5337088,63.60000228881836
5341184,63.60000228881836
5345280,63.60000228881836
5349376,63.60000228881836
5353472,63.60000228881836
5357568,63.60000228881836
5361664,63.60000228881836
5365760,63.60000228881836
5369856,63.60000228881836
5373952,63.60000228881836
5378048,63.60000228881836
5382144,63.60000228881836
5386240,63.60000228881836
5390336,63.60000228881836
5394432,63.60000228881836
5398528,63.60000228881836
5402624,63.60000228881836
5406720,63.60000228881836
5410816,63.60000228881836
5414912,63.60000228881836
5419008,63.60000228881836
5423104,63.60000228881836
5427200,63.60000228881836
5431296,63.60000228881836
5435392,63.60000228881836
5439488,63.60000228881836
5443584,63.60000228881836
5447680,63.60000228881836
5451776,63.60000228881836
5455872,63.60000228881836
5459968,63.60000228881836
5464064,63.60000228881836
5468160,63.60000228881836
5472256,63.60000228881836
5476352,63.60000228881836
5480448,63.60000228881836
5484544,63.60000228881836
5488640,63.60000228881836
5492736,63.60000228881836
5496832,63.60000228881836
5500928,63.60000228881836
5505024,63.60000228881836
5509120,63.60000228881836
5513216,63.60000228881836
5517312,63.60000228881836
5521408,63.60000228881836
5525504,63.60000228881836
5529600,63.60000228881836
5533696,63.60000228881836
5537792,63.60000228881836
5541888,63.60000228881836
5545984,63.60000228881836
5550080,63.60000228881836
5554176,63.60000228881836
5558272,63.60000228881836
5562368,63.60000228881836
5566464,63.60000228881836
5570560,63.60000228881836
5574656,63.60000228881836
5578752,63.60000228881836
5582848,63.60000228881836
5586944,63.60000228881836
5591040,63.60000228881836
5595136,63.60000228881836
5599232,63.60000228881836
5603328,63.60000228881836
5607424,63.60000228881836
5611520,63.60000228881836
5615616,63.60000228881836
5619712,63.60000228881836
5623808,63.60000228881836
5627904,63.60000228881836
5632000,63.60000228881836
5636096,63.60000228881836
5640192,63.60000228881836
5644288,63.60000228881836
5648384,63.60000228881836
5652480,63.60000228881836
5656576,63.60000228881836
5660672,63.60000228881836
5664768,63.60000228881836
5668864,63.60000228881836
5672960,63.60000228881836
5677056,63.60000228881836
5681152,63.60000228881836
5685248,63.60000228881836
5689344,63.60000228881836
5693440,63.60000228881836
5697536,63.60000228881836
5701632,63.60000228881836
5705728,63.60000228881836
5709824,63.60000228881836
5713920,63.60000228881836
5718016,63.60000228881836
5722112,63.60000228881836
5726208,63.60000228881836
5730304,63.60000228881836
5734400,63.60000228881836
5738496,63.60000228881836
5742592,63.60000228881836
5746688,63.60000228881836
5750784,63.60000228881836
5754880,63.60000228881836
5758976,63.60000228881836
5763072,63.60000228881836
5767168,63.60000228881836
5771264,63.60000228881836
5775360,63.60000228881836
5779456,63.60000228881836
5783552,63.60000228881836
5787648,63.60000228881836
5791744,63.60000228881836
5795840,63.60000228881836
5799936,63.60000228881836
5804032,63.60000228881836
5808128,63.60000228881836
5812224,63.60000228881836
5816320,63.60000228881836
5820416,63.60000228881836
5824512,63.60000228881836
5828608,63.60000228881836
5832704,63.60000228881836
5836800,63.60000228881836
5840896,63.60000228881836
5844992,63.60000228881836
5849088,63.60000228881836
5853184,63.60000228881836
5857280,63.60000228881836
5861376,63.60000228881836
5865472,63.60000228881836
5869568,63.60000228881836
5873664,63.60000228881836
5877760,63.60000228881836
5881856,63.60000228881836
5885952,63.60000228881836
5890048,63.60000228881836
5894144,63.60000228881836
5898240,63.60000228881836
5902336,63.60000228881836
5906432,63.60000228881836
5910528,63.60000228881836
5914624,63.60000228881836
5918720,63.60000228881836
5922816,63.60000228881836
5926912,63.60000228881836
5931008,63.60000228881836
5935104,63.60000228881836
5939200,63.60000228881836
5943296,63.60000228881836
5947392,63.60000228881836
5951488,63.60000228881836
5955584,63.60000228881836
5959680,63.60000228881836
5963776,63.60000228881836
5967872,63.60000228881836
5971968,63.60000228881836
5976064,63.60000228881836
5980160,63.60000228881836
5984256,63.60000228881836
5988352,63.60000228881836
5992448,63.60000228881836
5996544,63.60000228881836
6000640,63.60000228881836
6004736,63.60000228881836
6008832,63.60000228881836
6012928,63.60000228881836
6017024,63.60000228881836
6021120,63.60000228881836
6025216,63.60000228881836
6029312,63.60000228881836
6033408,63.60000228881836
6037504,63.60000228881836
6041600,63.60000228881836
6045696,63.60000228881836
6049792,63.60000228881836
6053888,63.60000228881836
6057984,63.60000228881836
6062080,63.60000228881836
6066176,63.60000228881836
6070272,63.60000228881836
6074368,63.60000228881836
6078464,63.60000228881836
6082560,63.60000228881836
6086656,63.60000228881836
6090752,63.60000228881836
6094848,63.60000228881836
6098944,63.60000228881836
6103040,63.60000228881836
6107136,63.60000228881836
6111232,63.60000228881836
6115328,63.60000228881836
6119424,63.60000228881836
6123520,63.60000228881836
6127616,63.60000228881836
6131712,63.60000228881836
6135808,63.60000228881836
6139904,63.60000228881836
6144000,63.60000228881836
6148096,63.60000228881836
6152192,63.60000228881836
6156288,63.60000228881836
6160384,63.60000228881836
6164480,63.60000228881836
6168576,63.60000228881836
6172672,63.60000228881836
6176768,63.60000228881836
6180864,63.60000228881836
6184960,63.60000228881836
6189056,63.60000228881836
6193152,63.60000228881836
6197248,63.60000228881836
6201344,63.60000228881836
6205440,63.60000228881836
6209536,63.60000228881836
6213632,63.60000228881836
6217728,63.60000228881836
6221824,63.60000228881836
6225920,63.60000228881836
6230016,63.60000228881836
6234112,63.60000228881836
6238208,63.60000228881836
6242304,63.60000228881836
6246400,63.60000228881836
6250496,63.60000228881836
6254592,63.60000228881836
6258688,63.60000228881836
6262784,63.60000228881836
6266880,63.60000228881836
6270976,63.60000228881836
6275072,63.60000228881836
6279168,63.60000228881836
6283264,63.60000228881836
6287360,63.60000228881836
6291456,72.0
6295552,72.0
6299648,72.0
6303744,72.0
6307840,72.0
6311936,72.0
6316032,72.0
6320128,72.0
6324224,72.0
6328320,72.0
6332416,72.0
6336512,72.0
6340608,72.0
6344704,72.0
6348800,72.0
6352896,72.0
6356992,72.0
6361088,72.0
6365184,72.0
6369280,72.0
6373376,72.0
6377472,72.0
6381568,72.0
6385664,72.0
6389760,72.0
6393856,72.0
6397952,72.0
6402048,72.0
6406144,72.0
6410240,72.0
6414336,72.0
6418432,72.0
6422528,72.0
6426624,72.0
6430720,72.0
6434816,72.0
6438912,72.0
6443008,72.0
6447104,72.0
6451200,72.0
6455296,72.0
6459392,72.0
6463488,72.0
6467584,72.0
6471680,72.0
6475776,72.0
6479872,72.0
6483968,72.0
6488064,72.0
6492160,72.0
6496256,72.0
6500352,72.0
6504448,72.0
6508544,72.0
6512640,72.0
6516736,72.0
6520832,72.0
6524928,72.0
6529024,72.0
6533120,72.0
6537216,72.0
6541312,72.0
6545408,72.0
6549504,72.0
6553600,72.0
6557696,72.0
6561792,72.0
6565888,72.0
6569984,72.0
6574080,72.0
6578176,72.0
6582272,72.0
6586368,72.0
6590464,72.0
6594560,72.0
6598656,72.0
6602752,72.0
6606848,72.0
6610944,72.0
6615040,72.0
6619136,72.0
6623232,72.0
6627328,72.0
6631424,72.0
6635520,72.0
6639616,72.0
6643712,72.0
6647808,72.0
6651904,72.0
6656000,72.0
6660096,72.0
6664192,72.0
6668288,72.0
6672384,72.0
6676480,72.0
6680576,72.0
6684672,72.0
6688768,72.0
6692864,72.0
6696960,72.0
6701056,72.0
6705152,72.0
6709248,72.0
6713344,72.0
6717440,72.0
6721536,72.0
6725632,72.0
6729728,72.0
6733824,72.0
6737920,72.0
6742016,72.0
6746112,72.0
6750208,72.0
6754304,72.0
6758400,72.0
6762496,72.0
6766592,72.0
6770688,72.0
6774784,72.0
6778880,72.0
6782976,72.0
6787072,72.0
6791168,72.0
6795264,72.0
6799360,72.0
6803456,72.0
6807552,72.0
6811648,72.0
6815744,72.0
6819840,72.0
6823936,72.0
6828032,72.0
6832128,72.0
6836224,72.0
6840320,72.0
6844416,72.0
6848512,72.0
6852608,72.0
6856704,72.0
6860800,72.0
6864896,72.0
6868992,72.0
6873088,72.0
6877184,72.0
6881280,72.0
6885376,72.0
6889472,72.0
6893568,72.0
6897664,72.0
6901760,72.0
6905856,72.0
6909952,72.0
6914048,72.0
6918144,72.0
6922240,72.0
6926336,72.0
6930432,72.0
6934528,72.0
6938624,72.0
6942720,72.0
6946816,72.0
6950912,72.0
6955008,72.0
6959104,72.0
6963200,72.0
6967296,72.0
6971392,72.0
6975488,72.0
6979584,72.0
6983680,72.0
6987776,72.0
6991872,72.0
6995968,72.0
7000064,72.0
7004160,72.0
7008256,72.0
7012352,72.0
7016448,72.0
7020544,72.0
7024640,72.0
7028736,72.0
7032832,72.0
7036928,72.0
7041024,72.0
7045120,72.0
7049216,72.0
7053312,72.0
7057408,72.0
7061504,72.0
7065600,72.0
7069696,72.0
7073792,72.0
7077888,72.0
7081984,72.0
7086080,72.0
7090176,72.0
7094272,72.0
7098368,72.0
7102464,72.0
7106560,72.0
7110656,72.0
7114752,72.0
7118848,72.0
7122944,72.0
7127040,72.0
7131136,72.0
7135232,72.0
7139328,72.0
7143424,72.0
7147520,72.0
7151616,72.0
7155712,72.0
7159808,72.0
7163904,72.0
7168000,72.0
7172096,72.0
7176192,72.0
7180288,72.0
7184384,72.0
7188480,72.0
7192576,72.0
7196672,72.0
7200768,72.0
7204864,72.0
7208960,72.0
7213056,72.0
7217152,72.0
7221248,72.0
7225344,72.0
7229440,72.0
7233536,72.0
7237632,72.0
7241728,72.0
7245824,72.0
7249920,72.0
7254016,72.0
7258112,72.0
7262208,72.0
7266304,72.0
7270400,72.0
7274496,72.0
7278592,72.0
7282688,72.0
7286784,72.0
7290880,72.0
7294976,72.0
7299072,72.0
7303168,72.0
7307264,72.0
7311360,72.0
7315456,72.0
7319552,72.0
7323648,72.0
7327744,72.0
7331840,72.0
7335936,72.0
7340032,71.5
7344128,71.5
7348224,71.5
7352320,71.5
7356416,71.5
7360512,71.5
7364608,71.5
7368704,71.5
7372800,71.5
7376896,71.5
7380992,71.5
7385088,71.5
7389184,71.5
7393280,71.5
7397376,71.5
7401472,71.5
7405568,71.5
7409664,71.5
7413760,71.5
7417856,71.5
7421952,71.5
7426048,71.5
7430144,71.5
7434240,71.5
7438336,71.5
7442432,71.5
7446528,71.5
7450624,71.5
7454720,71.5
7458816,71.5
7462912,71.5
7467008,71.5
7471104,71.5
7475200,71.5
7479296,71.5
7483392,71.5
7487488,71.5
7491584,71.5
7495680,71.5
7499776,71.5
7503872,71.5
7507968,71.5
7512064,71.5
7516160,71.5
7520256,71.5
7524352,71.5
7528448,71.5
7532544,71.5
7536640,71.5
7540736,71.5
7544832,71.5
7548928,71.5
7553024,71.5
7557120,71.5
7561216,71.5
7565312,71.5
7569408,71.5
7573504,71.5
7577600,71.5
7581696,71.5
7585792,71.5
7589888,71.5
7593984,71.5
7598080,71.5
7602176,71.5
7606272,71.5
7610368,71.5
7614464,71.5
7618560,71.5
7622656,71.5
7626752,71.5
7630848,71.5
7634944,71.5
7639040,71.5
7643136,71.5
7647232,71.5
7651328,71.5
7655424,71.5
7659520,71.5
7663616,71.5
7667712,71.5
7671808,71.5
7675904,71.5
7680000,71.5
7684096,71.5
7688192,71.5
7692288,71.5
7696384,71.5
7700480,71.5
7704576,71.5
7708672,71.5
7712768,71.5
7716864,71.5
7720960,71.5
7725056,71.5
7729152,71.5
7733248,71.5
7737344,71.5
7741440,71.5
7745536,71.5
7749632,71.5
7753728,71.5
7757824,71.5
7761920,71.5
7766016,71.5
7770112,71.5
7774208,71.5
7778304,71.5
7782400,71.5
7786496,71.5
7790592,71.5
7794688,71.5
7798784,71.5
7802880,71.5
7806976,71.5
7811072,71.5
7815168,71.5
7819264,71.5
7823360,71.5
7827456,71.5
7831552,71.5
7835648,71.5
7839744,71.5
7843840,71.5
7847936,71.5
7852032,71.5
7856128,71.5
7860224,71.5
7864320,71.5
7868416,71.5
7872512,71.5
7876608,71.5
7880704,71.5
7884800,71.5
7888896,71.5
7892992,71.5
7897088,71.5
7901184,71.5
7905280,71.5
7909376,71.5
7913472,71.5
7917568,71.5
7921664,71.5
7925760,71.5
7929856,71.5
7933952,71.5
7938048,71.5
7942144,71.5
7946240,71.5
7950336,71.5
7954432,71.5
7958528,71.5
7962624,71.5
7966720,71.5
7970816,71.5
7974912,71.5
7979008,71.5
7983104,71.5
7987200,71.5
7991296,71.5
7995392,71.5
7999488,71.5
8003584,71.5
8007680,71.5
8011776,71.5
8015872,71.5
8019968,71.5
8024064,71.5
8028160,71.5
8032256,71.5
8036352,71.5
8040448,71.5
8044544,71.5
8048640,71.5
8052736,71.5
8056832,71.5
8060928,71.5
8065024,71.5
8069120,71.5
8073216,71.5
8077312,71.5
8081408,71.5
8085504,71.5
8089600,71.5
8093696,71.5
8097792,71.5
8101888,71.5
8105984,71.5
8110080,71.5
8114176,71.5
8118272,71.5
8122368,71.5
8126464,71.5
8130560,71.5
8134656,71.5
8138752,71.5
8142848,71.5
8146944,71.5
8151040,71.5
8155136,71.5
8159232,71.5
8163328,71.5
8167424,71.5
8171520,71.5
8175616,71.5
8179712,71.5
8183808,71.5
8187904,71.5
8192000,71.5
8196096,71.5
8200192,71.5
8204288,71.5
8208384,71.5
8212480,71.5
8216576,71.5
8220672,71.5
8224768,71.5
8228864,71.5
8232960,71.5
8237056,71.5
8241152,71.5
8245248,71.5
8249344,71.5
8253440,71.5
8257536,71.5
8261632,71.5
8265728,71.5
8269824,71.5
8273920,71.5
8278016,71.5
8282112,71.5
8286208,71.5
8290304,71.5
8294400,71.5
8298496,71.5
8302592,71.5
8306688,71.5
8310784,71.5
8314880,71.5
8318976,71.5
8323072,71.5
8327168,71.5
8331264,71.5
8335360,71.5
8339456,71.5
8343552,71.5
8347648,71.5
8351744,71.5
8355840,71.5
8359936,71.5
8364032,71.5
8368128,71.5
8372224,71.5
8376320,71.5
8380416,71.5
8384512,71.5
8388608,56.900001525878906
8392704,56.900001525878906
8396800,56.900001525878906
8400896,56.900001525878906
8404992,56.900001525878906
8409088,56.900001525878906
8413184,56.900001525878906
8417280,56.900001525878906
8421376,56.900001525878906
8425472,56.900001525878906
8429568,56.900001525878906
8433664,56.900001525878906
8437760,56.900001525878906
8441856,56.900001525878906
8445952,56.900001525878906
8450048,56.900001525878906
8454144,56.900001525878906
8458240,56.900001525878906
8462336,56.900001525878906
8466432,56.900001525878906
8470528,56.900001525878906
8474624,56.900001525878906
8478720,56.900001525878906
8482816,56.900001525878906
8486912,56.900001525878906
8491008,56.900001525878906
8495104,56.900001525878906
8499200,56.900001525878906
8503296,56.900001525878906
8507392,56.900001525878906
8511488,56.900001525878906
8515584,56.900001525878906
8519680,56.900001525878906
8523776,56.900001525878906
8527872,56.900001525878906
8531968,56.900001525878906
8536064,56.900001525878906
8540160,56.900001525878906
8544256,56.900001525878906
8548352,56.900001525878906
8552448,56.900001525878906
8556544,56.900001525878906
8560640,56.900001525878906
8564736,56.900001525878906
8568832,56.900001525878906
8572928,56.900001525878906
8577024,56.900001525878906
8581120,56.900001525878906
8585216,56.900001525878906
8589312,56.900001525878906
8593408,56.900001525878906
8597504,56.900001525878906
8601600,56.900001525878906
8605696,56.900001525878906
8609792,56.900001525878906
8613888,56.900001525878906
8617984,56.900001525878906
8622080,56.900001525878906
8626176,56.900001525878906
8630272,56.900001525878906
8634368,56.900001525878906
8638464,56.900001525878906
8642560,56.900001525878906
8646656,56.900001525878906
8650752,56.900001525878906
8654848,56.900001525878906
8658944,56.900001525878906
8663040,56.900001525878906
8667136,56.900001525878906
8671232,56.900001525878906
8675328,56.900001525878906
8679424,56.900001525878906
8683520,56.900001525878906
8687616,56.900001525878906
8691712,56.900001525878906
8695808,56.900001525878906
8699904,56.900001525878906
8704000,56.900001525878906
8708096,56.900001525878906
8712192,56.900001525878906
8716288,56.900001525878906
8720384,56.900001525878906
8724480,56.900001525878906
8728576,56.900001525878906
8732672,56.900001525878906
8736768,56.900001525878906
8740864,56.900001525878906
8744960,56.900001525878906
8749056,56.900001525878906
8753152,56.900001525878906
8757248,56.900001525878906
8761344,56.900001525878906
8765440,56.900001525878906
8769536,56.900001525878906
8773632,56.900001525878906
8777728,56.900001525878906
8781824,56.900001525878906
8785920,56.900001525878906
8790016,56.900001525878906
8794112,56.900001525878906
8798208,56.900001525878906
8802304,56.900001525878906
8806400,56.900001525878906
8810496,56.900001525878906
8814592,56.900001525878906
8818688,56.900001525878906
8822784,56.900001525878906
8826880,56.900001525878906
8830976,56.900001525878906
8835072,56.900001525878906
8839168,56.900001525878906
8843264,56.900001525878906
8847360,56.900001525878906
8851456,56.900001525878906
8855552,56.900001525878906
8859648,56.900001525878906
8863744,56.900001525878906
8867840,56.900001525878906
8871936,56.900001525878906
8876032,56.900001525878906
8880128,56.900001525878906
8884224,56.900001525878906
8888320,56.900001525878906
8892416,56.900001525878906
8896512,56.900001525878906
8900608,56.900001525878906
8904704,56.900001525878906
8908800,56.900001525878906
8912896,56.900001525878906
8916992,56.900001525878906
8921088,56.900001525878906
8925184,56.900001525878906
8929280,56.900001525878906
8933376,56.900001525878906
8937472,56.900001525878906
8941568,56.900001525878906
8945664,56.900001525878906
8949760,56.900001525878906
8953856,56.900001525878906
8957952,56.900001525878906
8962048,56.900001525878906
8966144,56.900001525878906
8970240,56.900001525878906
8974336,56.900001525878906
8978432,56.900001525878906
8982528,56.900001525878906
8986624,56.900001525878906
8990720,56.900001525878906
8994816,56.900001525878906
8998912,56.900001525878906
9003008,56.900001525878906
9007104,56.900001525878906
9011200,56.900001525878906
9015296,56.900001525878906
9019392,56.900001525878906
9023488,56.900001525878906
9027584,56.900001525878906
9031680,56.900001525878906
9035776,56.900001525878906
9039872,56.900001525878906
9043968,56.900001525878906
9048064,56.900001525878906
9052160,56.900001525878906
9056256,56.900001525878906
9060352,56.900001525878906
9064448,56.900001525878906
9068544,56.900001525878906
9072640,56.900001525878906
9076736,56.900001525878906
9080832,56.900001525878906
9084928,56.900001525878906
9089024,56.900001525878906
9093120,56.900001525878906
9097216,56.900001525878906
9101312,56.900001525878906
9105408,56.900001525878906
9109504,56.900001525878906
9113600,56.900001525878906
9117696,56.900001525878906
9121792,56.900001525878906
9125888,56.900001525878906
9129984,56.900001525878906
9134080,56.900001525878906
9138176,56.900001525878906
9142272,56.900001525878906
9146368,56.900001525878906
9150464,56.900001525878906
9154560,56.900001525878906
9158656,56.900001525878906
9162752,56.900001525878906
9166848,56.900001525878906
9170944,56.900001525878906
9175040,56.900001525878906
9179136,56.900001525878906
9183232,56.900001525878906
9187328,56.900001525878906
9191424,56.900001525878906
9195520,56.900001525878906
9199616,56.900001525878906
9203712,56.900001525878906
9207808,56.900001525878906
9211904,56.900001525878906
9216000,56.900001525878906
9220096,56.900001525878906
9224192,56.900001525878906
9228288,56.900001525878906
9232384,56.900001525878906
9236480,56.900001525878906
9240576,56.900001525878906
9244672,56.900001525878906
9248768,56.900001525878906
9252864,56.900001525878906
9256960,56.900001525878906
9261056,56.900001525878906
9265152,56.900001525878906
9269248,56.900001525878906
9273344,56.900001525878906
9277440,56.900001525878906
9281536,56.900001525878906
9285632,56.900001525878906
9289728,56.900001525878906
9293824,56.900001525878906
9297920,56.900001525878906
9302016,56.900001525878906
9306112,56.900001525878906
9310208,56.900001525878906
9314304,56.900001525878906
9318400,56.900001525878906
9322496,56.900001525878906
9326592,56.900001525878906
9330688,56.900001525878906
9334784,56.900001525878906
9338880,56.900001525878906
9342976,56.900001525878906
9347072,56.900001525878906
9351168,56.900001525878906
9355264,56.900001525878906
9359360,56.900001525878906
9363456,56.900001525878906
9367552,56.900001525878906
9371648,56.900001525878906
9375744,56.900001525878906
9379840,56.900001525878906
9383936,56.900001525878906
9388032,56.900001525878906
9392128,56.900001525878906
9396224,56.900001525878906
9400320,56.900001525878906
9404416,56.900001525878906
9408512,56.900001525878906
9412608,56.900001525878906
9416704,56.900001525878906
9420800,56.900001525878906
9424896,56.900001525878906
9428992,56.900001525878906
9433088,56.900001525878906
9437184,59.29999923706055
9441280,59.29999923706055
9445376,59.29999923706055
9449472,59.29999923706055
9453568,59.29999923706055
9457664,59.29999923706055
9461760,59.29999923706055
9465856,59.29999923706055
9469952,59.29999923706055
9474048,59.29999923706055
9478144,59.29999923706055
9482240,59.29999923706055
9486336,59.29999923706055
9490432,59.29999923706055
9494528,59.29999923706055
9498624,59.29999923706055
9502720,59.29999923706055
9506816,59.29999923706055
9510912,59.29999923706055
9515008,59.29999923706055
9519104,59.29999923706055
9523200,59.29999923706055
9527296,59.29999923706055
9531392,59.29999923706055
9535488,59.29999923706055
9539584,59.29999923706055
9543680,59.29999923706055
9547776,59.29999923706055
9551872,59.29999923706055
9555968,59.29999923706055
9560064,59.29999923706055
9564160,59.29999923706055
9568256,59.29999923706055
9572352,59.29999923706055
9576448,59.29999923706055
9580544,59.29999923706055
9584640,59.29999923706055
9588736,59.29999923706055
9592832,59.29999923706055
9596928,59.29999923706055
9601024,59.29999923706055
9605120,59.29999923706055
9609216,59.29999923706055
9613312,59.29999923706055
9617408,59.29999923706055
9621504,59.29999923706055
9625600,59.29999923706055
9629696,59.29999923706055
9633792,59.29999923706055
9637888,59.29999923706055
9641984,59.29999923706055
9646080,59.29999923706055
9650176,59.29999923706055
9654272,59.29999923706055
9658368,59.29999923706055
9662464,59.29999923706055
9666560,59.29999923706055
9670656,59.29999923706055
9674752,59.29999923706055
9678848,59.29999923706055
9682944,59.29999923706055
9687040,59.29999923706055
9691136,59.29999923706055
9695232,59.29999923706055
9699328,59.29999923706055
9703424,59.29999923706055
9707520,59.29999923706055
9711616,59.29999923706055
9715712,59.29999923706055
9719808,59.29999923706055
9723904,59.29999923706055
9728000,59.29999923706055
9732096,59.29999923706055
9736192,59.29999923706055
9740288,59.29999923706055
9744384,59.29999923706055
9748480,59.29999923706055
9752576,59.29999923706055
9756672,59.29999923706055
9760768,59.29999923706055
9764864,59.29999923706055
9768960,59.29999923706055
9773056,59.29999923706055
9777152,59.29999923706055
9781248,59.29999923706055
9785344,59.29999923706055
9789440,59.29999923706055
9793536,59.29999923706055
9797632,59.29999923706055
9801728,59.29999923706055
9805824,59.29999923706055
9809920,59.29999923706055
9814016,59.29999923706055
9818112,59.29999923706055
9822208,59.29999923706055
9826304,59.29999923706055
9830400,59.29999923706055
9834496,59.29999923706055
9838592,59.29999923706055
9842688,59.29999923706055
9846784,59.29999923706055
9850880,59.29999923706055
9854976,59.29999923706055
9859072,59.29999923706055
9863168,59.29999923706055
9867264,59.29999923706055
9871360,59.29999923706055
9875456,59.29999923706055
9879552,59.29999923706055
9883648,59.29999923706055
9887744,59.29999923706055
9891840,59.29999923706055
9895936,59.29999923706055
9900032,59.29999923706055
9904128,59.29999923706055
9908224,59.29999923706055
9912320,59.29999923706055
9916416,59.29999923706055
9920512,59.29999923706055
9924608,59.29999923706055
9928704,59.29999923706055
9932800,59.29999923706055
9936896,59.29999923706055
9940992,59.29999923706055
9945088,59.29999923706055
9949184,59.29999923706055
9953280,59.29999923706055
9957376,59.29999923706055
9961472,59.29999923706055
9965568,59.29999923706055
9969664,59.29999923706055
9973760,59.29999923706055
9977856,59.29999923706055
9981952,59.29999923706055
9986048,59.29999923706055
9990144,59.29999923706055
9994240,59.29999923706055
9998336,59.29999923706055
10002432,59.29999923706055
10006528,59.29999923706055
10010624,59.29999923706055
10014720,59.29999923706055
10018816,59.29999923706055
10022912,59.29999923706055
10027008,59.29999923706055
10031104,59.29999923706055
10035200,59.29999923706055
10039296,59.29999923706055
10043392,59.29999923706055
10047488,59.29999923706055
10051584,59.29999923706055
10055680,59.29999923706055
10059776,59.29999923706055
10063872,59.29999923706055
10067968,59.29999923706055
10072064,59.29999923706055
10076160,59.29999923706055
10080256,59.29999923706055
10084352,59.29999923706055
10088448,59.29999923706055
10092544,59.29999923706055
10096640,59.29999923706055
10100736,59.29999923706055
10104832,59.29999923706055
10108928,59.29999923706055
10113024,59.29999923706055
10117120,59.29999923706055
10121216,59.29999923706055
10125312,59.29999923706055
10129408,59.29999923706055
10133504,59.29999923706055
10137600,59.29999923706055
10141696,59.29999923706055
10145792,59.29999923706055
10149888,59.29999923706055
10153984,59.29999923706055
10158080,59.29999923706055
10162176,59.29999923706055
10166272,59.29999923706055
10170368,59.29999923706055
10174464,59.29999923706055
10178560,59.29999923706055
10182656,59.29999923706055
10186752,59.29999923706055
10190848,59.29999923706055
10194944,59.29999923706055
10199040,59.29999923706055
10203136,59.29999923706055
10207232,59.29999923706055
10211328,59.29999923706055
10215424,59.29999923706055
10219520,59.29999923706055
10223616,59.29999923706055
10227712,59.29999923706055
10231808,59.29999923706055
10235904,59.29999923706055
10240000,59.29999923706055
10244096,59.29999923706055
10248192,59.29999923706055
10252288,59.29999923706055
10256384,59.29999923706055
10260480,59.29999923706055
10264576,59.29999923706055
10268672,59.29999923706055
10272768,59.29999923706055
10276864,59.29999923706055
10280960,59.29999923706055
10285056,59.29999923706055
10289152,59.29999923706055
10293248,59.29999923706055
10297344,59.29999923706055
10301440,59.29999923706055
10305536,59.29999923706055
10309632,59.29999923706055
10313728,59.29999923706055
10317824,59.29999923706055
10321920,59.29999923706055
10326016,59.29999923706055
10330112,59.29999923706055
10334208,59.29999923706055
10338304,59.29999923706055
10342400,59.29999923706055
10346496,59.29999923706055
10350592,59.29999923706055
10354688,59.29999923706055
10358784,59.29999923706055
10362880,59.29999923706055
10366976,59.29999923706055
10371072,59.29999923706055
10375168,59.29999923706055
10379264,59.29999923706055
10383360,59.29999923706055
10387456,59.29999923706055
10391552,59.29999923706055
10395648,59.29999923706055
10399744,59.29999923706055
10403840,59.29999923706055
10407936,59.29999923706055
10412032,59.29999923706055
10416128,59.29999923706055
10420224,59.29999923706055
10424320,59.29999923706055
10428416,59.29999923706055
10432512,59.29999923706055
10436608,59.29999923706055
10440704,59.29999923706055
10444800,59.29999923706055
10448896,59.29999923706055
10452992,59.29999923706055
10457088,59.29999923706055
10461184,59.29999923706055
10465280,59.29999923706055
10469376,59.29999923706055
10473472,59.29999923706055
10477568,59.29999923706055
10481664,59.29999923706055
10485760,69.5999984741211
10489856,69.5999984741211
10493952,69.5999984741211
10498048,69.5999984741211
10502144,69.5999984741211
10506240,69.5999984741211
10510336,69.5999984741211
10514432,69.5999984741211
10518528,69.5999984741211
10522624,69.5999984741211
10526720,69.5999984741211
10530816,69.5999984741211
10534912,69.5999984741211
10539008,69.5999984741211
10543104,69.5999984741211
10547200,69.5999984741211
10551296,69.5999984741211
10555392,69.5999984741211
10559488,69.5999984741211
10563584,69.5999984741211
10567680,69.5999984741211
10571776,69.5999984741211
10575872,69.5999984741211
10579968,69.5999984741211
10584064,69.5999984741211
10588160,69.5999984741211
10592256,69.5999984741211
10596352,69.5999984741211
10600448,69.5999984741211
10604544,69.5999984741211
10608640,69.5999984741211
10612736,69.5999984741211
10616832,69.5999984741211
10620928,69.5999984741211
10625024,69.5999984741211
10629120,69.5999984741211
10633216,69.5999984741211
10637312,69.5999984741211
10641408,69.5999984741211
10645504,69.5999984741211
10649600,69.5999984741211
10653696,69.5999984741211
10657792,69.5999984741211
10661888,69.5999984741211
10665984,69.5999984741211
10670080,69.5999984741211
10674176,69.5999984741211
10678272,69.5999984741211
10682368,69.5999984741211
10686464,69.5999984741211
10690560,69.5999984741211
10694656,69.5999984741211
10698752,69.5999984741211
10702848,69.5999984741211
10706944,69.5999984741211
10711040,69.5999984741211
10715136,69.5999984741211
10719232,69.5999984741211
10723328,69.5999984741211
10727424,69.5999984741211
10731520,69.5999984741211
10735616,69.5999984741211
10739712,69.5999984741211
10743808,69.5999984741211
10747904,69.5999984741211
10752000,69.5999984741211
10756096,69.5999984741211
10760192,69.5999984741211
10764288,69.5999984741211
10768384,69.5999984741211
10772480,69.5999984741211
10776576,69.5999984741211
10780672,69.5999984741211
10784768,69.5999984741211
10788864,69.5999984741211
10792960,69.5999984741211
10797056,69.5999984741211
10801152,69.5999984741211
10805248,69.5999984741211
10809344,69.5999984741211
10813440,69.5999984741211
10817536,69.5999984741211
10821632,69.5999984741211
10825728,69.5999984741211
10829824,69.5999984741211
10833920,69.5999984741211
10838016,69.5999984741211
10842112,69.5999984741211
10846208,69.5999984741211
10850304,69.5999984741211
10854400,69.5999984741211
10858496,69.5999984741211
10862592,69.5999984741211
10866688,69.5999984741211
10870784,69.5999984741211
10874880,69.5999984741211
10878976,69.5999984741211
10883072,69.5999984741211
10887168,69.5999984741211
10891264,69.5999984741211
10895360,69.5999984741211
10899456,69.5999984741211
10903552,69.5999984741211
10907648,69.5999984741211
10911744,69.5999984741211
10915840,69.5999984741211
10919936,69.5999984741211
10924032,69.5999984741211
10928128,69.5999984741211
10932224,69.5999984741211
10936320,69.5999984741211
10940416,69.5999984741211
10944512,69.5999984741211
10948608,69.5999984741211
10952704,69.5999984741211
10956800,69.5999984741211
10960896,69.5999984741211
10964992,69.5999984741211
10969088,69.5999984741211
10973184,69.5999984741211
10977280,69.5999984741211
10981376,69.5999984741211
10985472,69.5999984741211
10989568,69.5999984741211
10993664,69.5999984741211
10997760,69.5999984741211
11001856,69.5999984741211
11005952,69.5999984741211
11010048,69.5999984741211
11014144,69.5999984741211
11018240,69.5999984741211
11022336,69.5999984741211
11026432,69.5999984741211
11030528,69.5999984741211
11034624,69.5999984741211
11038720,69.5999984741211
11042816,69.5999984741211
11046912,69.5999984741211
11051008,69.5999984741211
11055104,69.5999984741211
11059200,69.5999984741211
11063296,69.5999984741211
11067392,69.5999984741211
11071488,69.5999984741211
11075584,69.5999984741211
11079680,69.5999984741211
11083776,69.5999984741211
11087872,69.5999984741211
11091968,69.5999984741211
11096064,69.5999984741211
11100160,69.5999984741211
11104256,69.5999984741211
11108352,69.5999984741211
11112448,69.5999984741211
11116544,69.5999984741211
11120640,69.5999984741211
11124736,69.5999984741211
11128832,69.5999984741211
11132928,69.5999984741211
11137024,69.5999984741211
11141120,69.5999984741211
11145216,69.5999984741211
11149312,69.5999984741211
11153408,69.5999984741211
11157504,69.5999984741211
11161600,69.5999984741211
11165696,69.5999984741211
11169792,69.5999984741211
11173888,69.5999984741211
11177984,69.5999984741211
11182080,69.5999984741211
11186176,69.5999984741211
11190272,69.5999984741211
11194368,69.5999984741211
11198464,69.5999984741211
11202560,69.5999984741211
11206656,69.5999984741211
11210752,69.5999984741211
11214848,69.5999984741211
11218944,69.5999984741211
11223040,69.5999984741211
11227136,69.5999984741211
11231232,69.5999984741211
11235328,69.5999984741211
11239424,69.5999984741211
11243520,69.5999984741211
11247616,69.5999984741211
11251712,69.5999984741211
11255808,69.5999984741211
11259904,69.5999984741211
11264000,69.5999984741211
11268096,69.5999984741211
11272192,69.5999984741211
11276288,69.5999984741211
11280384,69.5999984741211
11284480,69.5999984741211
11288576,69.5999984741211
11292672,69.5999984741211
11296768,69.5999984741211
11300864,69.5999984741211
11304960,69.5999984741211
11309056,69.5999984741211
11313152,69.5999984741211
11317248,69.5999984741211
11321344,69.5999984741211
11325440,69.5999984741211
11329536,69.5999984741211
11333632,69.5999984741211
11337728,69.5999984741211
11341824,69.5999984741211
11345920,69.5999984741211
11350016,69.5999984741211
11354112,69.5999984741211
11358208,69.5999984741211
11362304,69.5999984741211
11366400,69.5999984741211
11370496,69.5999984741211
11374592,69.5999984741211
11378688,69.5999984741211
11382784,69.5999984741211
11386880,69.5999984741211
11390976,69.5999984741211
11395072,69.5999984741211
11399168,69.5999984741211
11403264,69.5999984741211
11407360,69.5999984741211
11411456,69.5999984741211
11415552,69.5999984741211
11419648,69.5999984741211
11423744,69.5999984741211
11427840,69.5999984741211
11431936,69.5999984741211
11436032,69.5999984741211
11440128,69.5999984741211
11444224,69.5999984741211
11448320,69.5999984741211
11452416,69.5999984741211
11456512,69.5999984741211
11460608,69.5999984741211
11464704,69.5999984741211
11468800,69.5999984741211
11472896,69.5999984741211
11476992,69.5999984741211
11481088,69.5999984741211
11485184,69.5999984741211
11489280,69.5999984741211
11493376,69.5999984741211
11497472,69.5999984741211
11501568,69.5999984741211
11505664,69.5999984741211
11509760,69.5999984741211
11513856,69.5999984741211
11517952,69.5999984741211
11522048,69.5999984741211
11526144,69.5999984741211
11530240,69.5999984741211
11534336,65.70000457763672
11538432,65.70000457763672
11542528,65.70000457763672
11546624,65.70000457763672
11550720,65.70000457763672
11554816,65.70000457763672
11558912,65.70000457763672
11563008,65.70000457763672
11567104,65.70000457763672
11571200,65.70000457763672
11575296,65.70000457763672
11579392,65.70000457763672
11583488,65.70000457763672
11587584,65.70000457763672
11591680,65.70000457763672
11595776,65.70000457763672
11599872,65.70000457763672
11603968,65.70000457763672
11608064,65.70000457763672
11612160,65.70000457763672
11616256,65.70000457763672
11620352,65.70000457763672
11624448,65.70000457763672
11628544,65.70000457763672
11632640,65.70000457763672
11636736,65.70000457763672
11640832,65.70000457763672
11644928,65.70000457763672
11649024,65.70000457763672
11653120,65.70000457763672
11657216,65.70000457763672
11661312,65.70000457763672
11665408,65.70000457763672
11669504,65.70000457763672
11673600,65.70000457763672
11677696,65.70000457763672
11681792,65.70000457763672
11685888,65.70000457763672
11689984,65.70000457763672
11694080,65.70000457763672
11698176,65.70000457763672
11702272,65.70000457763672
11706368,65.70000457763672
11710464,65.70000457763672
11714560,65.70000457763672
11718656,65.70000457763672
11722752,65.70000457763672
11726848,65.70000457763672
11730944,65.70000457763672
11735040,65.70000457763672
11739136,65.70000457763672
11743232,65.70000457763672
11747328,65.70000457763672
11751424,65.70000457763672
11755520,65.70000457763672
11759616,65.70000457763672
11763712,65.70000457763672
11767808,65.70000457763672
11771904,65.70000457763672
11776000,65.70000457763672
11780096,65.70000457763672
11784192,65.70000457763672
11788288,65.70000457763672
11792384,65.70000457763672
11796480,65.70000457763672
11800576,65.70000457763672
11804672,65.70000457763672
11808768,65.70000457763672
11812864,65.70000457763672
11816960,65.70000457763672
11821056,65.70000457763672
11825152,65.70000457763672
11829248,65.70000457763672
11833344,65.70000457763672
11837440,65.70000457763672
11841536,65.70000457763672
11845632,65.70000457763672
11849728,65.70000457763672
11853824,65.70000457763672
11857920,65.70000457763672
11862016,65.70000457763672
11866112,65.70000457763672
11870208,65.70000457763672
11874304,65.70000457763672
11878400,65.70000457763672
11882496,65.70000457763672
11886592,65.70000457763672
11890688,65.70000457763672
11894784,65.70000457763672
11898880,65.70000457763672
11902976,65.70000457763672
11907072,65.70000457763672
11911168,65.70000457763672
11915264,65.70000457763672
11919360,65.70000457763672
11923456,65.70000457763672
11927552,65.70000457763672
11931648,65.70000457763672
11935744,65.70000457763672
11939840,65.70000457763672
11943936,65.70000457763672
11948032,65.70000457763672
11952128,65.70000457763672
11956224,65.70000457763672
11960320,65.70000457763672
11964416,65.70000457763672
11968512,65.70000457763672
11972608,65.70000457763672
11976704,65.70000457763672
11980800,65.70000457763672
11984896,65.70000457763672
11988992,65.70000457763672
11993088,65.70000457763672
11997184,65.70000457763672
12001280,65.70000457763672
12005376,65.70000457763672
12009472,65.70000457763672
12013568,65.70000457763672
12017664,65.70000457763672
12021760,65.70000457763672
12025856,65.70000457763672
12029952,65.70000457763672
12034048,65.70000457763672
12038144,65.70000457763672
12042240,65.70000457763672
12046336,65.70000457763672
12050432,65.70000457763672
12054528,65.70000457763672
12058624,65.70000457763672
12062720,65.70000457763672
12066816,65.70000457763672
12070912,65.70000457763672
12075008,65.70000457763672
12079104,65.70000457763672
12083200,65.70000457763672
12087296,65.70000457763672
12091392,65.70000457763672
12095488,65.70000457763672
12099584,65.70000457763672
12103680,65.70000457763672
12107776,65.70000457763672
12111872,65.70000457763672
12115968,65.70000457763672
12120064,65.70000457763672
12124160,65.70000457763672
12128256,65.70000457763672
12132352,65.70000457763672
12136448,65.70000457763672
12140544,65.70000457763672
12144640,65.70000457763672
12148736,65.70000457763672
12152832,65.70000457763672
12156928,65.70000457763672
12161024,65.70000457763672
12165120,65.70000457763672
12169216,65.70000457763672
12173312,65.70000457763672
12177408,65.70000457763672
12181504,65.70000457763672
12185600,65.70000457763672
12189696,65.70000457763672
12193792,65.70000457763672
12197888,65.70000457763672
12201984,65.70000457763672
12206080,65.70000457763672
12210176,65.70000457763672
12214272,65.70000457763672
12218368,65.70000457763672
12222464,65.70000457763672
12226560,65.70000457763672
12230656,65.70000457763672
12234752,65.70000457763672
12238848,65.70000457763672
12242944,65.70000457763672
12247040,65.70000457763672
12251136,65.70000457763672
12255232,65.70000457763672
12259328,65.70000457763672
12263424,65.70000457763672
12267520,65.70000457763672
12271616,65.70000457763672
12275712,65.70000457763672
12279808,65.70000457763672
12283904,65.70000457763672
12288000,65.70000457763672
12292096,65.70000457763672
12296192,65.70000457763672
12300288,65.70000457763672
12304384,65.70000457763672
12308480,65.70000457763672
12312576,65.70000457763672
12316672,65.70000457763672
12320768,65.70000457763672
12324864,65.70000457763672
12328960,65.70000457763672
12333056,65.70000457763672
12337152,65.70000457763672
12341248,65.70000457763672
12345344,65.70000457763672
12349440,65.70000457763672
12353536,65.70000457763672
12357632,65.70000457763672
12361728,65.70000457763672
12365824,65.70000457763672
12369920,65.70000457763672
12374016,65.70000457763672
12378112,65.70000457763672
12382208,65.70000457763672
12386304,65.70000457763672
12390400,65.70000457763672
12394496,65.70000457763672
12398592,65.70000457763672
12402688,65.70000457763672
12406784,65.70000457763672
12410880,65.70000457763672
12414976,65.70000457763672
12419072,65.70000457763672
12423168,65.70000457763672
12427264,65.70000457763672
12431360,65.70000457763672
12435456,65.70000457763672
12439552,65.70000457763672
12443648,65.70000457763672
12447744,65.70000457763672
12451840,65.70000457763672
12455936,65.70000457763672
12460032,65.70000457763672
12464128,65.70000457763672
12468224,65.70000457763672
12472320,65.70000457763672
12476416,65.70000457763672
12480512,65.70000457763672
12484608,65.70000457763672
12488704,65.70000457763672
12492800,65.70000457763672
12496896,65.70000457763672
12500992,65.70000457763672
12505088,65.70000457763672
12509184,65.70000457763672
12513280,65.70000457763672
12517376,65.70000457763672
12521472,65.70000457763672
12525568,65.70000457763672
12529664,65.70000457763672
12533760,65.70000457763672
12537856,65.70000457763672
12541952,65.70000457763672
12546048,65.70000457763672
12550144,65.70000457763672
12554240,65.70000457763672
12558336,65.70000457763672
12562432,65.70000457763672
12566528,65.70000457763672
12570624,65.70000457763672
12574720,65.70000457763672
12578816,65.70000457763672
12582912,67.70000457763672
12587008,67.70000457763672
12591104,67.70000457763672
12595200,67.70000457763672
12599296,67.70000457763672
12603392,67.70000457763672
12607488,67.70000457763672
12611584,67.70000457763672
12615680,67.70000457763672
12619776,67.70000457763672
12623872,67.70000457763672
12627968,67.70000457763672
12632064,67.70000457763672
12636160,67.70000457763672
12640256,67.70000457763672
12644352,67.70000457763672
12648448,67.70000457763672
12652544,67.70000457763672
12656640,67.70000457763672
12660736,67.70000457763672
12664832,67.70000457763672
12668928,67.70000457763672
12673024,67.70000457763672
12677120,67.70000457763672
12681216,67.70000457763672
12685312,67.70000457763672
12689408,67.70000457763672
12693504,67.70000457763672
12697600,67.70000457763672
12701696,67.70000457763672
12705792,67.70000457763672
12709888,67.70000457763672
12713984,67.70000457763672
12718080,67.70000457763672
12722176,67.70000457763672
12726272,67.70000457763672
12730368,67.70000457763672
12734464,67.70000457763672
12738560,67.70000457763672
12742656,67.70000457763672
12746752,67.70000457763672
12750848,67.70000457763672
12754944,67.70000457763672
12759040,67.70000457763672
12763136,67.70000457763672
12767232,67.70000457763672
12771328,67.70000457763672
12775424,67.70000457763672
12779520,67.70000457763672
12783616,67.70000457763672
12787712,67.70000457763672
12791808,67.70000457763672
12795904,67.70000457763672
12800000,67.70000457763672
12804096,67.70000457763672
12808192,67.70000457763672
12812288,67.70000457763672
12816384,67.70000457763672
12820480,67.70000457763672
12824576,67.70000457763672
12828672,67.70000457763672
12832768,67.70000457763672
12836864,67.70000457763672
12840960,67.70000457763672
12845056,67.70000457763672
12849152,67.70000457763672
12853248,67.70000457763672
12857344,67.70000457763672
12861440,67.70000457763672
12865536,67.70000457763672
12869632,67.70000457763672
12873728,67.70000457763672
12877824,67.70000457763672
12881920,67.70000457763672
12886016,67.70000457763672
12890112,67.70000457763672
12894208,67.70000457763672
12898304,67.70000457763672
12902400,67.70000457763672
12906496,67.70000457763672
12910592,67.70000457763672
12914688,67.70000457763672
12918784,67.70000457763672
12922880,67.70000457763672
12926976,67.70000457763672
12931072,67.70000457763672
12935168,67.70000457763672
12939264,67.70000457763672
12943360,67.70000457763672
12947456,67.70000457763672
12951552,67.70000457763672
12955648,67.70000457763672
12959744,67.70000457763672
12963840,67.70000457763672
12967936,67.70000457763672
12972032,67.70000457763672
12976128,67.70000457763672
12980224,67.70000457763672
12984320,67.70000457763672
12988416,67.70000457763672
12992512,67.70000457763672
12996608,67.70000457763672
13000704,67.70000457763672
13004800,67.70000457763672
13008896,67.70000457763672
13012992,67.70000457763672
13017088,67.70000457763672
13021184,67.70000457763672
13025280,67.70000457763672
13029376,67.70000457763672
13033472,67.70000457763672
13037568,67.70000457763672
13041664,67.70000457763672
13045760,67.70000457763672
13049856,67.70000457763672
13053952,67.70000457763672
13058048,67.70000457763672
13062144,67.70000457763672
13066240,67.70000457763672
13070336,67.70000457763672
13074432,67.70000457763672
13078528,67.70000457763672
13082624,67.70000457763672
13086720,67.70000457763672
13090816,67.70000457763672
13094912,67.70000457763672
13099008,67.70000457763672
13103104,67.70000457763672
13107200,67.70000457763672
13111296,67.70000457763672
13115392,67.70000457763672
13119488,67.70000457763672
13123584,67.70000457763672
13127680,67.70000457763672
13131776,67.70000457763672
13135872,67.70000457763672
13139968,67.70000457763672
13144064,67.70000457763672
13148160,67.70000457763672
13152256,67.70000457763672
13156352,67.70000457763672
13160448,67.70000457763672
13164544,67.70000457763672
13168640,67.70000457763672
13172736,67.70000457763672
13176832,67.70000457763672
13180928,67.70000457763672
13185024,67.70000457763672
13189120,67.70000457763672
13193216,67.70000457763672
13197312,67.70000457763672
13201408,67.70000457763672
13205504,67.70000457763672
13209600,67.70000457763672
13213696,67.70000457763672
13217792,67.70000457763672
13221888,67.70000457763672
13225984,67.70000457763672
13230080,67.70000457763672
13234176,67.70000457763672
13238272,67.70000457763672
13242368,67.70000457763672
13246464,67.70000457763672
13250560,67.70000457763672
13254656,67.70000457763672
13258752,67.70000457763672
13262848,67.70000457763672
13266944,67.70000457763672
13271040,67.70000457763672
13275136,67.70000457763672
13279232,67.70000457763672
13283328,67.70000457763672
13287424,67.70000457763672
13291520,67.70000457763672
13295616,67.70000457763672
13299712,67.70000457763672
13303808,67.70000457763672
13307904,67.70000457763672
13312000,67.70000457763672
13316096,67.70000457763672
13320192,67.70000457763672
13324288,67.70000457763672
13328384,67.70000457763672
13332480,67.70000457763672
13336576,67.70000457763672
13340672,67.70000457763672
13344768,67.70000457763672
13348864,67.70000457763672
13352960,67.70000457763672
13357056,67.70000457763672
13361152,67.70000457763672
13365248,67.70000457763672
13369344,67.70000457763672
13373440,67.70000457763672
13377536,67.70000457763672
13381632,67.70000457763672
13385728,67.70000457763672
13389824,67.70000457763672
13393920,67.70000457763672
13398016,67.70000457763672
13402112,67.70000457763672
13406208,67.70000457763672
13410304,67.70000457763672
13414400,67.70000457763672
13418496,67.70000457763672
13422592,67.70000457763672
13426688,67.70000457763672
13430784,67.70000457763672
13434880,67.70000457763672
13438976,67.70000457763672
13443072,67.70000457763672
13447168,67.70000457763672
13451264,67.70000457763672
13455360,67.70000457763672
13459456,67.70000457763672
13463552,67.70000457763672
13467648,67.70000457763672
13471744,67.70000457763672
13475840,67.70000457763672
13479936,67.70000457763672
13484032,67.70000457763672
13488128,67.70000457763672
13492224,67.70000457763672
13496320,67.70000457763672
13500416,67.70000457763672
13504512,67.70000457763672
13508608,67.70000457763672
13512704,67.70000457763672
13516800,67.70000457763672
13520896,67.70000457763672
13524992,67.70000457763672
13529088,67.70000457763672
13533184,67.70000457763672
13537280,67.70000457763672
13541376,67.70000457763672
13545472,67.70000457763672
13549568,67.70000457763672
13553664,67.70000457763672
13557760,67.70000457763672
13561856,67.70000457763672
13565952,67.70000457763672
13570048,67.70000457763672
13574144,67.70000457763672
13578240,67.70000457763672
13582336,67.70000457763672
13586432,67.70000457763672
13590528,67.70000457763672
13594624,67.70000457763672
13598720,67.70000457763672
13602816,67.70000457763672
13606912,67.70000457763672
13611008,67.70000457763672
13615104,67.70000457763672
13619200,67.70000457763672
13623296,67.70000457763672
13627392,67.70000457763672
13631488,70.5999984741211
13635584,70.5999984741211
13639680,70.5999984741211
13643776,70.5999984741211
13647872,70.5999984741211
13651968,70.5999984741211
13656064,70.5999984741211
13660160,70.5999984741211
13664256,70.5999984741211
13668352,70.5999984741211
13672448,70.5999984741211
13676544,70.5999984741211
13680640,70.5999984741211
13684736,70.5999984741211
13688832,70.5999984741211
13692928,70.5999984741211
13697024,70.5999984741211
13701120,70.5999984741211
13705216,70.5999984741211
13709312,70.5999984741211
13713408,70.5999984741211
13717504,70.5999984741211
13721600,70.5999984741211
13725696,70.5999984741211
13729792,70.5999984741211
13733888,70.5999984741211
13737984,70.5999984741211
13742080,70.5999984741211
13746176,70.5999984741211
13750272,70.5999984741211
13754368,70.5999984741211
13758464,70.5999984741211
13762560,70.5999984741211
13766656,70.5999984741211
13770752,70.5999984741211
13774848,70.5999984741211
13778944,70.5999984741211
13783040,70.5999984741211
13787136,70.5999984741211
13791232,70.5999984741211
13795328,70.5999984741211
13799424,70.5999984741211
13803520,70.5999984741211
13807616,70.5999984741211
13811712,70.5999984741211
13815808,70.5999984741211
13819904,70.5999984741211
13824000,70.5999984741211
13828096,70.5999984741211
13832192,70.5999984741211
13836288,70.5999984741211
13840384,70.5999984741211
13844480,70.5999984741211
13848576,70.5999984741211
13852672,70.5999984741211
13856768,70.5999984741211
13860864,70.5999984741211
13864960,70.5999984741211
13869056,70.5999984741211
13873152,70.5999984741211
13877248,70.5999984741211
13881344,70.5999984741211
13885440,70.5999984741211
13889536,70.5999984741211
13893632,70.5999984741211
13897728,70.5999984741211
13901824,70.5999984741211
13905920,70.5999984741211
13910016,70.5999984741211
13914112,70.5999984741211
13918208,70.5999984741211
13922304,70.5999984741211
13926400,70.5999984741211
13930496,70.5999984741211
13934592,70.5999984741211
13938688,70.5999984741211
13942784,70.5999984741211
13946880,70.5999984741211
13950976,70.5999984741211
13955072,70.5999984741211
13959168,70.5999984741211
13963264,70.5999984741211
13967360,70.5999984741211
13971456,70.5999984741211
13975552,70.5999984741211
13979648,70.5999984741211
13983744,70.5999984741211
13987840,70.5999984741211
13991936,70.5999984741211
13996032,70.5999984741211
14000128,70.5999984741211
14004224,70.5999984741211
14008320,70.5999984741211
14012416,70.5999984741211
14016512,70.5999984741211
14020608,70.5999984741211
14024704,70.5999984741211
14028800,70.5999984741211
14032896,70.5999984741211
14036992,70.5999984741211
14041088,70.5999984741211
14045184,70.5999984741211
14049280,70.5999984741211
14053376,70.5999984741211
14057472,70.5999984741211
14061568,70.5999984741211
14065664,70.5999984741211
14069760,70.5999984741211
14073856,70.5999984741211
14077952,70.5999984741211
14082048,70.5999984741211
14086144,70.5999984741211
14090240,70.5999984741211
14094336,70.5999984741211
14098432,70.5999984741211
14102528,70.5999984741211
14106624,70.5999984741211
14110720,70.5999984741211
14114816,70.5999984741211
14118912,70.5999984741211
14123008,70.5999984741211
14127104,70.5999984741211
14131200,70.5999984741211
14135296,70.5999984741211
14139392,70.5999984741211
14143488,70.5999984741211
14147584,70.5999984741211
14151680,70.5999984741211
14155776,70.5999984741211
14159872,70.5999984741211
14163968,70.5999984741211
14168064,70.5999984741211
14172160,70.5999984741211
14176256,70.5999984741211
14180352,70.5999984741211
14184448,70.5999984741211
14188544,70.5999984741211
14192640,70.5999984741211
14196736,70.5999984741211
14200832,70.5999984741211
14204928,70.5999984741211
14209024,70.5999984741211
14213120,70.5999984741211
14217216,70.5999984741211
14221312,70.5999984741211
14225408,70.5999984741211
14229504,70.5999984741211
14233600,70.5999984741211
14237696,70.5999984741211
14241792,70.5999984741211
14245888,70.5999984741211
14249984,70.5999984741211
14254080,70.5999984741211
14258176,70.5999984741211
14262272,70.5999984741211
14266368,70.5999984741211
14270464,70.5999984741211
14274560,70.5999984741211
14278656,70.5999984741211
14282752,70.5999984741211
14286848,70.5999984741211
14290944,70.5999984741211
14295040,70.5999984741211
14299136,70.5999984741211
14303232,70.5999984741211
14307328,70.5999984741211
14311424,70.5999984741211
14315520,70.5999984741211
14319616,70.5999984741211
14323712,70.5999984741211
14327808,70.5999984741211
14331904,70.5999984741211
14336000,70.5999984741211
14340096,70.5999984741211
14344192,70.5999984741211
14348288,70.5999984741211
14352384,70.5999984741211
14356480,70.5999984741211
14360576,70.5999984741211
14364672,70.5999984741211
14368768,70.5999984741211
14372864,70.5999984741211
14376960,70.5999984741211
14381056,70.5999984741211
14385152,70.5999984741211
14389248,70.5999984741211
14393344,70.5999984741211
14397440,70.5999984741211
14401536,70.5999984741211
14405632,70.5999984741211
14409728,70.5999984741211
14413824,70.5999984741211
14417920,70.5999984741211
14422016,70.5999984741211
14426112,70.5999984741211
14430208,70.5999984741211
14434304,70.5999984741211
14438400,70.5999984741211
14442496,70.5999984741211
14446592,70.5999984741211
14450688,70.5999984741211
14454784,70.5999984741211
14458880,70.5999984741211
14462976,70.5999984741211
14467072,70.5999984741211
14471168,70.5999984741211
14475264,70.5999984741211
14479360,70.5999984741211
14483456,70.5999984741211
14487552,70.5999984741211
14491648,70.5999984741211
14495744,70.5999984741211
14499840,70.5999984741211
14503936,70.5999984741211
14508032,70.5999984741211
14512128,70.5999984741211
14516224,70.5999984741211
14520320,70.5999984741211
14524416,70.5999984741211
14528512,70.5999984741211
14532608,70.5999984741211
14536704,70.5999984741211
14540800,70.5999984741211
14544896,70.5999984741211
14548992,70.5999984741211
14553088,70.5999984741211
14557184,70.5999984741211
14561280,70.5999984741211
14565376,70.5999984741211
14569472,70.5999984741211
14573568,70.5999984741211
14577664,70.5999984741211
14581760,70.5999984741211
14585856,70.5999984741211
14589952,70.5999984741211
14594048,70.5999984741211
14598144,70.5999984741211
14602240,70.5999984741211
14606336,70.5999984741211
14610432,70.5999984741211
14614528,70.5999984741211
14618624,70.5999984741211
14622720,70.5999984741211
14626816,70.5999984741211
14630912,70.5999984741211
14635008,70.5999984741211
14639104,70.5999984741211
14643200,70.5999984741211
14647296,70.5999984741211
14651392,70.5999984741211
14655488,70.5999984741211
14659584,70.5999984741211
14663680,70.5999984741211
14667776,70.5999984741211
14671872,70.5999984741211
14675968,70.5999984741211
14680064,70.30000305175781
14684160,70.30000305175781
14688256,70.30000305175781
14692352,70.30000305175781
14696448,70.30000305175781
14700544,70.30000305175781
14704640,70.30000305175781
14708736,70.30000305175781
14712832,70.30000305175781
14716928,70.30000305175781
14721024,70.30000305175781
14725120,70.30000305175781
14729216,70.30000305175781
14733312,70.30000305175781
14737408,70.30000305175781
14741504,70.30000305175781
14745600,70.30000305175781
14749696,70.30000305175781
14753792,70.30000305175781
14757888,70.30000305175781
14761984,70.30000305175781
14766080,70.30000305175781
14770176,70.30000305175781
14774272,70.30000305175781
14778368,70.30000305175781
14782464,70.30000305175781
14786560,70.30000305175781
14790656,70.30000305175781
14794752,70.30000305175781
14798848,70.30000305175781
14802944,70.30000305175781
14807040,70.30000305175781
14811136,70.30000305175781
14815232,70.30000305175781
14819328,70.30000305175781
14823424,70.30000305175781
14827520,70.30000305175781
14831616,70.30000305175781
14835712,70.30000305175781
14839808,70.30000305175781
14843904,70.30000305175781
14848000,70.30000305175781
14852096,70.30000305175781
14856192,70.30000305175781
14860288,70.30000305175781
14864384,70.30000305175781
14868480,70.30000305175781
14872576,70.30000305175781
14876672,70.30000305175781
14880768,70.30000305175781
14884864,70.30000305175781
14888960,70.30000305175781
14893056,70.30000305175781
14897152,70.30000305175781
14901248,70.30000305175781
14905344,70.30000305175781
14909440,70.30000305175781
14913536,70.30000305175781
14917632,70.30000305175781
14921728,70.30000305175781
14925824,70.30000305175781
14929920,70.30000305175781
14934016,70.30000305175781
14938112,70.30000305175781
14942208,70.30000305175781
14946304,70.30000305175781
14950400,70.30000305175781
14954496,70.30000305175781
14958592,70.30000305175781
14962688,70.30000305175781
14966784,70.30000305175781
14970880,70.30000305175781
14974976,70.30000305175781
14979072,70.30000305175781
14983168,70.30000305175781
14987264,70.30000305175781
14991360,70.30000305175781
14995456,70.30000305175781
14999552,70.30000305175781
15003648,70.30000305175781
15007744,70.30000305175781
15011840,70.30000305175781
15015936,70.30000305175781
15020032,70.30000305175781
15024128,70.30000305175781
15028224,70.30000305175781
15032320,70.30000305175781
15036416,70.30000305175781
15040512,70.30000305175781
15044608,70.30000305175781
15048704,70.30000305175781
15052800,70.30000305175781
15056896,70.30000305175781
15060992,70.30000305175781
15065088,70.30000305175781
15069184,70.30000305175781
15073280,70.30000305175781
15077376,70.30000305175781
15081472,70.30000305175781
15085568,70.30000305175781
15089664,70.30000305175781
15093760,70.30000305175781
15097856,70.30000305175781
15101952,70.30000305175781
15106048,70.30000305175781
15110144,70.30000305175781
15114240,70.30000305175781
15118336,70.30000305175781
15122432,70.30000305175781
15126528,70.30000305175781
15130624,70.30000305175781
15134720,70.30000305175781
15138816,70.30000305175781
15142912,70.30000305175781
15147008,70.30000305175781
15151104,70.30000305175781
15155200,70.30000305175781
15159296,70.30000305175781
15163392,70.30000305175781
15167488,70.30000305175781
15171584,70.30000305175781
15175680,70.30000305175781
15179776,70.30000305175781
15183872,70.30000305175781
15187968,70.30000305175781
15192064,70.30000305175781
15196160,70.30000305175781
15200256,70.30000305175781
15204352,70.30000305175781
15208448,70.30000305175781
15212544,70.30000305175781
15216640,70.30000305175781
15220736,70.30000305175781
15224832,70.30000305175781
15228928,70.30000305175781
15233024,70.30000305175781
15237120,70.30000305175781
15241216,70.30000305175781
15245312,70.30000305175781
15249408,70.30000305175781
15253504,70.30000305175781
15257600,70.30000305175781
15261696,70.30000305175781
15265792,70.30000305175781
15269888,70.30000305175781
15273984,70.30000305175781
15278080,70.30000305175781
15282176,70.30000305175781
15286272,70.30000305175781
15290368,70.30000305175781
15294464,70.30000305175781
15298560,70.30000305175781
15302656,70.30000305175781
15306752,70.30000305175781
15310848,70.30000305175781
15314944,70.30000305175781
15319040,70.30000305175781
15323136,70.30000305175781
15327232,70.30000305175781
15331328,70.30000305175781
15335424,70.30000305175781
15339520,70.30000305175781
15343616,70.30000305175781
15347712,70.30000305175781
15351808,70.30000305175781
15355904,70.30000305175781
15360000,70.30000305175781
15364096,70.30000305175781
15368192,70.30000305175781
15372288,70.30000305175781
15376384,70.30000305175781
15380480,70.30000305175781
15384576,70.30000305175781
15388672,70.30000305175781
15392768,70.30000305175781
15396864,70.30000305175781
15400960,70.30000305175781
15405056,70.30000305175781
15409152,70.30000305175781
15413248,70.30000305175781
15417344,70.30000305175781
15421440,70.30000305175781
15425536,70.30000305175781
15429632,70.30000305175781
15433728,70.30000305175781
15437824,70.30000305175781
15441920,70.30000305175781
15446016,70.30000305175781
15450112,70.30000305175781
15454208,70.30000305175781
15458304,70.30000305175781
15462400,70.30000305175781
15466496,70.30000305175781
15470592,70.30000305175781
15474688,70.30000305175781
15478784,70.30000305175781
15482880,70.30000305175781
15486976,70.30000305175781
15491072,70.30000305175781
15495168,70.30000305175781
15499264,70.30000305175781
15503360,70.30000305175781
15507456,70.30000305175781
15511552,70.30000305175781
15515648,70.30000305175781
15519744,70.30000305175781
15523840,70.30000305175781
15527936,70.30000305175781
15532032,70.30000305175781
15536128,70.30000305175781
15540224,70.30000305175781
15544320,70.30000305175781
15548416,70.30000305175781
15552512,70.30000305175781
15556608,70.30000305175781
15560704,70.30000305175781
15564800,70.30000305175781
15568896,70.30000305175781
15572992,70.30000305175781
15577088,70.30000305175781
15581184,70.30000305175781
15585280,70.30000305175781
15589376,70.30000305175781
15593472,70.30000305175781
15597568,70.30000305175781
15601664,70.30000305175781
15605760,70.30000305175781
15609856,70.30000305175781
15613952,70.30000305175781
15618048,70.30000305175781
15622144,70.30000305175781
15626240,70.30000305175781
15630336,70.30000305175781
15634432,70.30000305175781
15638528,70.30000305175781
15642624,70.30000305175781
15646720,70.30000305175781
15650816,70.30000305175781
15654912,70.30000305175781
15659008,70.30000305175781
15663104,70.30000305175781
15667200,70.30000305175781
15671296,70.30000305175781
15675392,70.30000305175781
15679488,70.30000305175781
15683584,70.30000305175781
15687680,70.30000305175781
15691776,70.30000305175781
15695872,70.30000305175781
15699968,70.30000305175781
15704064,70.30000305175781
15708160,70.30000305175781
15712256,70.30000305175781
15716352,70.30000305175781
15720448,70.30000305175781
15724544,70.30000305175781
15728640,70.70000457763672
15732736,70.70000457763672
15736832,70.70000457763672
15740928,70.70000457763672
15745024,70.70000457763672
15749120,70.70000457763672
15753216,70.70000457763672
15757312,70.70000457763672
15761408,70.70000457763672
15765504,70.70000457763672
15769600,70.70000457763672
15773696,70.70000457763672
15777792,70.70000457763672
15781888,70.70000457763672
15785984,70.70000457763672
15790080,70.70000457763672
15794176,70.70000457763672
15798272,70.70000457763672
15802368,70.70000457763672
15806464,70.70000457763672
15810560,70.70000457763672
15814656,70.70000457763672
15818752,70.70000457763672
15822848,70.70000457763672
15826944,70.70000457763672
15831040,70.70000457763672
15835136,70.70000457763672
15839232,70.70000457763672
15843328,70.70000457763672
15847424,70.70000457763672
15851520,70.70000457763672
15855616,70.70000457763672
15859712,70.70000457763672
15863808,70.70000457763672
15867904,70.70000457763672
15872000,70.70000457763672
15876096,70.70000457763672
15880192,70.70000457763672
15884288,70.70000457763672
15888384,70.70000457763672
15892480,70.70000457763672
15896576,70.70000457763672
15900672,70.70000457763672
15904768,70.70000457763672
15908864,70.70000457763672
15912960,70.70000457763672
15917056,70.70000457763672
15921152,70.70000457763672
15925248,70.70000457763672
15929344,70.70000457763672
15933440,70.70000457763672
15937536,70.70000457763672
15941632,70.70000457763672
15945728,70.70000457763672
15949824,70.70000457763672
15953920,70.70000457763672
15958016,70.70000457763672
15962112,70.70000457763672
15966208,70.70000457763672
15970304,70.70000457763672
15974400,70.70000457763672
15978496,70.70000457763672
15982592,70.70000457763672
15986688,70.70000457763672
15990784,70.70000457763672
15994880,70.70000457763672
15998976,70.70000457763672
16003072,70.70000457763672
16007168,70.70000457763672
16011264,70.70000457763672
16015360,70.70000457763672
16019456,70.70000457763672
16023552,70.70000457763672
16027648,70.70000457763672
16031744,70.70000457763672
16035840,70.70000457763672
16039936,70.70000457763672
16044032,70.70000457763672
16048128,70.70000457763672
16052224,70.70000457763672
16056320,70.70000457763672
16060416,70.70000457763672
16064512,70.70000457763672
16068608,70.70000457763672
16072704,70.70000457763672
16076800,70.70000457763672
16080896,70.70000457763672
16084992,70.70000457763672
16089088,70.70000457763672
16093184,70.70000457763672
16097280,70.70000457763672
16101376,70.70000457763672
16105472,70.70000457763672
16109568,70.70000457763672
16113664,70.70000457763672
16117760,70.70000457763672
16121856,70.70000457763672
16125952,70.70000457763672
16130048,70.70000457763672
16134144,70.70000457763672
16138240,70.70000457763672
16142336,70.70000457763672
16146432,70.70000457763672
16150528,70.70000457763672
16154624,70.70000457763672
16158720,70.70000457763672
16162816,70.70000457763672
16166912,70.70000457763672
16171008,70.70000457763672
16175104,70.70000457763672
16179200,70.70000457763672
16183296,70.70000457763672
16187392,70.70000457763672
16191488,70.70000457763672
16195584,70.70000457763672
16199680,70.70000457763672
16203776,70.70000457763672
16207872,70.70000457763672
16211968,70.70000457763672
16216064,70.70000457763672
16220160,70.70000457763672
16224256,70.70000457763672
16228352,70.70000457763672
16232448,70.70000457763672
16236544,70.70000457763672
16240640,70.70000457763672
16244736,70.70000457763672
16248832,70.70000457763672
16252928,70.70000457763672
16257024,70.70000457763672
16261120,70.70000457763672
16265216,70.70000457763672
16269312,70.70000457763672
16273408,70.70000457763672
16277504,70.70000457763672
16281600,70.70000457763672
16285696,70.70000457763672
16289792,70.70000457763672
16293888,70.70000457763672
16297984,70.70000457763672
16302080,70.70000457763672
16306176,70.70000457763672
16310272,70.70000457763672
16314368,70.70000457763672
16318464,70.70000457763672
16322560,70.70000457763672
16326656,70.70000457763672
16330752,70.70000457763672
16334848,70.70000457763672
16338944,70.70000457763672
16343040,70.70000457763672
16347136,70.70000457763672
16351232,70.70000457763672
16355328,70.70000457763672
16359424,70.70000457763672
16363520,70.70000457763672
16367616,70.70000457763672
16371712,70.70000457763672
16375808,70.70000457763672
16379904,70.70000457763672
16384000,70.70000457763672
16388096,70.70000457763672
16392192,70.70000457763672
16396288,70.70000457763672
16400384,70.70000457763672
16404480,70.70000457763672
16408576,70.70000457763672
16412672,70.70000457763672
16416768,70.70000457763672
16420864,70.70000457763672
16424960,70.70000457763672
16429056,70.70000457763672
16433152,70.70000457763672
16437248,70.70000457763672
16441344,70.70000457763672
16445440,70.70000457763672
16449536,70.70000457763672
16453632,70.70000457763672
16457728,70.70000457763672
16461824,70.70000457763672
16465920,70.70000457763672
16470016,70.70000457763672
16474112,70.70000457763672
16478208,70.70000457763672
16482304,70.70000457763672
16486400,70.70000457763672
16490496,70.70000457763672
16494592,70.70000457763672
16498688,70.70000457763672
16502784,70.70000457763672
16506880,70.70000457763672
16510976,70.70000457763672
16515072,70.70000457763672
16519168,70.70000457763672
16523264,70.70000457763672
16527360,70.70000457763672
16531456,70.70000457763672
16535552,70.70000457763672
16539648,70.70000457763672
16543744,70.70000457763672
16547840,70.70000457763672
16551936,70.70000457763672
16556032,70.70000457763672
16560128,70.70000457763672
16564224,70.70000457763672
16568320,70.70000457763672
16572416,70.70000457763672
16576512,70.70000457763672
16580608,70.70000457763672
16584704,70.70000457763672
16588800,70.70000457763672
16592896,70.70000457763672
16596992,70.70000457763672
16601088,70.70000457763672
16605184,70.70000457763672
16609280,70.70000457763672
16613376,70.70000457763672
16617472,70.70000457763672
16621568,70.70000457763672
16625664,70.70000457763672
16629760,70.70000457763672
16633856,70.70000457763672
16637952,70.70000457763672
16642048,70.70000457763672
16646144,70.70000457763672
16650240,70.70000457763672
16654336,70.70000457763672
16658432,70.70000457763672
16662528,70.70000457763672
16666624,70.70000457763672
16670720,70.70000457763672
16674816,70.70000457763672
16678912,70.70000457763672
16683008,70.70000457763672
16687104,70.70000457763672
16691200,70.70000457763672
16695296,70.70000457763672
16699392,70.70000457763672
16703488,70.70000457763672
16707584,70.70000457763672
16711680,70.70000457763672
16715776,70.70000457763672
16719872,70.70000457763672
16723968,70.70000457763672
16728064,70.70000457763672
16732160,70.70000457763672
16736256,70.70000457763672
16740352,70.70000457763672
16744448,70.70000457763672
16748544,70.70000457763672
16752640,70.70000457763672
16756736,70.70000457763672
16760832,70.70000457763672
16764928,70.70000457763672
16769024,70.70000457763672
16773120,70.70000457763672
16777216,78.20000457763672
16781312,78.20000457763672
16785408,78.20000457763672
16789504,78.20000457763672
16793600,78.20000457763672
16797696,78.20000457763672
16801792,78.20000457763672
16805888,78.20000457763672
16809984,78.20000457763672
16814080,78.20000457763672
16818176,78.20000457763672
16822272,78.20000457763672
16826368,78.20000457763672
16830464,78.20000457763672
16834560,78.20000457763672
16838656,78.20000457763672
16842752,78.20000457763672
16846848,78.20000457763672
16850944,78.20000457763672
16855040,78.20000457763672
16859136,78.20000457763672
16863232,78.20000457763672
16867328,78.20000457763672
16871424,78.20000457763672
16875520,78.20000457763672
16879616,78.20000457763672
16883712,78.20000457763672
16887808,78.20000457763672
16891904,78.20000457763672
16896000,78.20000457763672
16900096,78.20000457763672
16904192,78.20000457763672
16908288,78.20000457763672
16912384,78.20000457763672
16916480,78.20000457763672
16920576,78.20000457763672
16924672,78.20000457763672
16928768,78.20000457763672
16932864,78.20000457763672
16936960,78.20000457763672
16941056,78.20000457763672
16945152,78.20000457763672
16949248,78.20000457763672
16953344,78.20000457763672
16957440,78.20000457763672
16961536,78.20000457763672
16965632,78.20000457763672
16969728,78.20000457763672
16973824,78.20000457763672
16977920,78.20000457763672
16982016,78.20000457763672
16986112,78.20000457763672
16990208,78.20000457763672
16994304,78.20000457763672
16998400,78.20000457763672
17002496,78.20000457763672
17006592,78.20000457763672
17010688,78.20000457763672
17014784,78.20000457763672
17018880,78.20000457763672
17022976,78.20000457763672
17027072,78.20000457763672
17031168,78.20000457763672
17035264,78.20000457763672
17039360,78.20000457763672
17043456,78.20000457763672
17047552,78.20000457763672
17051648,78.20000457763672
17055744,78.20000457763672
17059840,78.20000457763672
17063936,78.20000457763672
17068032,78.20000457763672
17072128,78.20000457763672
17076224,78.20000457763672
17080320,78.20000457763672
17084416,78.20000457763672
17088512,78.20000457763672
17092608,78.20000457763672
17096704,78.20000457763672
17100800,78.20000457763672
17104896,78.20000457763672
17108992,78.20000457763672
17113088,78.20000457763672
17117184,78.20000457763672
17121280,78.20000457763672
17125376,78.20000457763672
17129472,78.20000457763672
17133568,78.20000457763672
17137664,78.20000457763672
17141760,78.20000457763672
17145856,78.20000457763672
17149952,78.20000457763672
17154048,78.20000457763672
17158144,78.20000457763672
17162240,78.20000457763672
17166336,78.20000457763672
17170432,78.20000457763672
17174528,78.20000457763672
17178624,78.20000457763672
17182720,78.20000457763672
17186816,78.20000457763672
17190912,78.20000457763672
17195008,78.20000457763672
17199104,78.20000457763672
17203200,78.20000457763672
17207296,78.20000457763672
17211392,78.20000457763672
17215488,78.20000457763672
17219584,78.20000457763672
17223680,78.20000457763672
17227776,78.20000457763672
17231872,78.20000457763672
17235968,78.20000457763672
17240064,78.20000457763672
17244160,78.20000457763672
17248256,78.20000457763672
17252352,78.20000457763672
17256448,78.20000457763672
17260544,78.20000457763672
17264640,78.20000457763672
17268736,78.20000457763672
17272832,78.20000457763672
17276928,78.20000457763672
17281024,78.20000457763672
17285120,78.20000457763672
17289216,78.20000457763672
17293312,78.20000457763672
17297408,78.20000457763672
17301504,78.20000457763672
17305600,78.20000457763672
17309696,78.20000457763672
17313792,78.20000457763672
17317888,78.20000457763672
17321984,78.20000457763672
17326080,78.20000457763672
17330176,78.20000457763672
17334272,78.20000457763672
17338368,78.20000457763672
17342464,78.20000457763672
17346560,78.20000457763672
17350656,78.20000457763672
17354752,78.20000457763672
17358848,78.20000457763672
17362944,78.20000457763672
17367040,78.20000457763672
17371136,78.20000457763672
17375232,78.20000457763672
17379328,78.20000457763672
17383424,78.20000457763672
17387520,78.20000457763672
17391616,78.20000457763672
17395712,78.20000457763672
17399808,78.20000457763672
17403904,78.20000457763672
17408000,78.20000457763672
17412096,78.20000457763672
17416192,78.20000457763672
17420288,78.20000457763672
17424384,78.20000457763672
17428480,78.20000457763672
17432576,78.20000457763672
17436672,78.20000457763672
17440768,78.20000457763672
17444864,78.20000457763672
17448960,78.20000457763672
17453056,78.20000457763672
17457152,78.20000457763672
17461248,78.20000457763672
17465344,78.20000457763672
17469440,78.20000457763672
17473536,78.20000457763672
17477632,78.20000457763672
17481728,78.20000457763672
17485824,78.20000457763672
17489920,78.20000457763672
17494016,78.20000457763672
17498112,78.20000457763672
17502208,78.20000457763672
17506304,78.20000457763672
17510400,78.20000457763672
17514496,78.20000457763672
17518592,78.20000457763672
17522688,78.20000457763672
17526784,78.20000457763672
17530880,78.20000457763672
17534976,78.20000457763672
17539072,78.20000457763672
17543168,78.20000457763672
17547264,78.20000457763672
17551360,78.20000457763672
17555456,78.20000457763672
17559552,78.20000457763672
17563648,78.20000457763672
17567744,78.20000457763672
17571840,78.20000457763672
17575936,78.20000457763672
17580032,78.20000457763672
17584128,78.20000457763672
17588224,78.20000457763672
17592320,78.20000457763672
17596416,78.20000457763672
17600512,78.20000457763672
17604608,78.20000457763672
17608704,78.20000457763672
17612800,78.20000457763672
17616896,78.20000457763672
17620992,78.20000457763672
17625088,78.20000457763672
17629184,78.20000457763672
17633280,78.20000457763672
17637376,78.20000457763672
17641472,78.20000457763672
17645568,78.20000457763672
17649664,78.20000457763672
17653760,78.20000457763672
17657856,78.20000457763672
17661952,78.20000457763672
17666048,78.20000457763672
17670144,78.20000457763672
17674240,78.20000457763672
17678336,78.20000457763672
17682432,78.20000457763672
17686528,78.20000457763672
17690624,78.20000457763672
17694720,78.20000457763672
17698816,78.20000457763672
17702912,78.20000457763672
17707008,78.20000457763672
17711104,78.20000457763672
17715200,78.20000457763672
17719296,78.20000457763672
17723392,78.20000457763672
17727488,78.20000457763672
17731584,78.20000457763672
17735680,78.20000457763672
17739776,78.20000457763672
17743872,78.20000457763672
17747968,78.20000457763672
17752064,78.20000457763672
17756160,78.20000457763672
17760256,78.20000457763672
17764352,78.20000457763672
17768448,78.20000457763672
17772544,78.20000457763672
17776640,78.20000457763672
17780736,78.20000457763672
17784832,78.20000457763672
17788928,78.20000457763672
17793024,78.20000457763672
17797120,78.20000457763672
17801216,78.20000457763672
17805312,78.20000457763672
17809408,78.20000457763672
17813504,78.20000457763672
17817600,78.20000457763672
17821696,78.20000457763672
17825792,72.5999984741211
17829888,72.5999984741211
17833984,72.5999984741211
17838080,72.5999984741211
17842176,72.5999984741211
17846272,72.5999984741211
17850368,72.5999984741211
17854464,72.5999984741211
17858560,72.5999984741211
17862656,72.5999984741211
17866752,72.5999984741211
17870848,72.5999984741211
17874944,72.5999984741211
17879040,72.5999984741211
17883136,72.5999984741211
17887232,72.5999984741211
17891328,72.5999984741211
17895424,72.5999984741211
17899520,72.5999984741211
17903616,72.5999984741211
17907712,72.5999984741211
17911808,72.5999984741211
17915904,72.5999984741211
17920000,72.5999984741211
17924096,72.5999984741211
17928192,72.5999984741211
17932288,72.5999984741211
17936384,72.5999984741211
17940480,72.5999984741211
17944576,72.5999984741211
17948672,72.5999984741211
17952768,72.5999984741211
17956864,72.5999984741211
17960960,72.5999984741211
17965056,72.5999984741211
17969152,72.5999984741211
17973248,72.5999984741211
17977344,72.5999984741211
17981440,72.5999984741211
17985536,72.5999984741211
17989632,72.5999984741211
17993728,72.5999984741211
17997824,72.5999984741211
18001920,72.5999984741211
18006016,72.5999984741211
18010112,72.5999984741211
18014208,72.5999984741211
18018304,72.5999984741211
18022400,72.5999984741211
18026496,72.5999984741211
18030592,72.5999984741211
18034688,72.5999984741211
18038784,72.5999984741211
18042880,72.5999984741211
18046976,72.5999984741211
18051072,72.5999984741211
18055168,72.5999984741211
18059264,72.5999984741211
18063360,72.5999984741211
18067456,72.5999984741211
18071552,72.5999984741211
18075648,72.5999984741211
18079744,72.5999984741211
18083840,72.5999984741211
18087936,72.5999984741211
18092032,72.5999984741211
18096128,72.5999984741211
18100224,72.5999984741211
18104320,72.5999984741211
18108416,72.5999984741211
18112512,72.5999984741211
18116608,72.5999984741211
18120704,72.5999984741211
18124800,72.5999984741211
18128896,72.5999984741211
18132992,72.5999984741211
18137088,72.5999984741211
18141184,72.5999984741211
18145280,72.5999984741211
18149376,72.5999984741211
18153472,72.5999984741211
18157568,72.5999984741211
18161664,72.5999984741211
18165760,72.5999984741211
18169856,72.5999984741211
18173952,72.5999984741211
18178048,72.5999984741211
18182144,72.5999984741211
18186240,72.5999984741211
18190336,72.5999984741211
18194432,72.5999984741211
18198528,72.5999984741211
18202624,72.5999984741211
18206720,72.5999984741211
18210816,72.5999984741211
18214912,72.5999984741211
18219008,72.5999984741211
18223104,72.5999984741211
18227200,72.5999984741211
18231296,72.5999984741211
18235392,72.5999984741211
18239488,72.5999984741211
18243584,72.5999984741211
18247680,72.5999984741211
18251776,72.5999984741211
18255872,72.5999984741211
18259968,72.5999984741211
18264064,72.5999984741211
18268160,72.5999984741211
18272256,72.5999984741211
18276352,72.5999984741211
18280448,72.5999984741211
18284544,72.5999984741211
18288640,72.5999984741211
18292736,72.5999984741211
18296832,72.5999984741211
18300928,72.5999984741211
18305024,72.5999984741211
18309120,72.5999984741211
18313216,72.5999984741211
18317312,72.5999984741211
18321408,72.5999984741211
18325504,72.5999984741211
18329600,72.5999984741211
18333696,72.5999984741211
18337792,72.5999984741211
18341888,72.5999984741211
18345984,72.5999984741211
18350080,72.5999984741211
18354176,72.5999984741211
18358272,72.5999984741211
18362368,72.5999984741211
18366464,72.5999984741211
18370560,72.5999984741211
18374656,72.5999984741211
18378752,72.5999984741211
18382848,72.5999984741211
18386944,72.5999984741211
18391040,72.5999984741211
18395136,72.5999984741211
18399232,72.5999984741211
18403328,72.5999984741211
18407424,72.5999984741211
18411520,72.5999984741211
18415616,72.5999984741211
18419712,72.5999984741211
18423808,72.5999984741211
18427904,72.5999984741211
18432000,72.5999984741211
18436096,72.5999984741211
18440192,72.5999984741211
18444288,72.5999984741211
18448384,72.5999984741211
18452480,72.5999984741211
18456576,72.5999984741211
18460672,72.5999984741211
18464768,72.5999984741211
18468864,72.5999984741211
18472960,72.5999984741211
18477056,72.5999984741211
18481152,72.5999984741211
18485248,72.5999984741211
18489344,72.5999984741211
18493440,72.5999984741211
18497536,72.5999984741211
18501632,72.5999984741211
18505728,72.5999984741211
18509824,72.5999984741211
18513920,72.5999984741211
18518016,72.5999984741211
18522112,72.5999984741211
18526208,72.5999984741211
18530304,72.5999984741211
18534400,72.5999984741211
18538496,72.5999984741211
18542592,72.5999984741211
18546688,72.5999984741211
18550784,72.5999984741211
18554880,72.5999984741211
18558976,72.5999984741211
18563072,72.5999984741211
18567168,72.5999984741211
18571264,72.5999984741211
18575360,72.5999984741211
18579456,72.5999984741211
18583552,72.5999984741211
18587648,72.5999984741211
18591744,72.5999984741211
18595840,72.5999984741211
18599936,72.5999984741211
18604032,72.5999984741211
18608128,72.5999984741211
18612224,72.5999984741211
18616320,72.5999984741211
18620416,72.5999984741211
18624512,72.5999984741211
18628608,72.5999984741211
18632704,72.5999984741211
18636800,72.5999984741211
18640896,72.5999984741211
18644992,72.5999984741211
18649088,72.5999984741211
18653184,72.5999984741211
18657280,72.5999984741211
18661376,72.5999984741211
18665472,72.5999984741211
18669568,72.5999984741211
18673664,72.5999984741211
18677760,72.5999984741211
18681856,72.5999984741211
18685952,72.5999984741211
18690048,72.5999984741211
18694144,72.5999984741211
18698240,72.5999984741211
18702336,72.5999984741211
18706432,72.5999984741211
18710528,72.5999984741211
18714624,72.5999984741211
18718720,72.5999984741211
18722816,72.5999984741211
18726912,72.5999984741211
18731008,72.5999984741211
18735104,72.5999984741211
18739200,72.5999984741211
18743296,72.5999984741211
18747392,72.5999984741211
18751488,72.5999984741211
18755584,72.5999984741211
18759680,72.5999984741211
18763776,72.5999984741211
18767872,72.5999984741211
18771968,72.5999984741211
18776064,72.5999984741211
18780160,72.5999984741211
18784256,72.5999984741211
18788352,72.5999984741211
18792448,72.5999984741211
18796544,72.5999984741211
18800640,72.5999984741211
18804736,72.5999984741211
18808832,72.5999984741211
18812928,72.5999984741211
18817024,72.5999984741211
18821120,72.5999984741211
18825216,72.5999984741211
18829312,72.5999984741211
18833408,72.5999984741211
18837504,72.5999984741211
18841600,72.5999984741211
18845696,72.5999984741211
18849792,72.5999984741211
18853888,72.5999984741211
18857984,72.5999984741211
18862080,72.5999984741211
18866176,72.5999984741211
18870272,72.5999984741211
18874368,76.9000015258789
18878464,76.9000015258789
18882560,76.9000015258789
18886656,76.9000015258789
18890752,76.9000015258789
18894848,76.9000015258789
18898944,76.9000015258789
18903040,76.9000015258789
18907136,76.9000015258789
18911232,76.9000015258789
18915328,76.9000015258789
18919424,76.9000015258789
18923520,76.9000015258789
18927616,76.9000015258789
18931712,76.9000015258789
18935808,76.9000015258789
18939904,76.9000015258789
18944000,76.9000015258789
18948096,76.9000015258789
18952192,76.9000015258789
18956288,76.9000015258789
18960384,76.9000015258789
18964480,76.9000015258789
18968576,76.9000015258789
18972672,76.9000015258789
18976768,76.9000015258789
18980864,76.9000015258789
18984960,76.9000015258789
18989056,76.9000015258789
18993152,76.9000015258789
18997248,76.9000015258789
19001344,76.9000015258789
19005440,76.9000015258789
19009536,76.9000015258789
19013632,76.9000015258789
19017728,76.9000015258789
19021824,76.9000015258789
19025920,76.9000015258789
19030016,76.9000015258789
19034112,76.9000015258789
19038208,76.9000015258789
19042304,76.9000015258789
19046400,76.9000015258789
19050496,76.9000015258789
19054592,76.9000015258789
19058688,76.9000015258789
19062784,76.9000015258789
19066880,76.9000015258789
19070976,76.9000015258789
19075072,76.9000015258789
19079168,76.9000015258789
19083264,76.9000015258789
19087360,76.9000015258789
19091456,76.9000015258789
19095552,76.9000015258789
19099648,76.9000015258789
19103744,76.9000015258789
19107840,76.9000015258789
19111936,76.9000015258789
19116032,76.9000015258789
19120128,76.9000015258789
19124224,76.9000015258789
19128320,76.9000015258789
19132416,76.9000015258789
19136512,76.9000015258789
19140608,76.9000015258789
19144704,76.9000015258789
19148800,76.9000015258789
19152896,76.9000015258789
19156992,76.9000015258789
19161088,76.9000015258789
19165184,76.9000015258789
19169280,76.9000015258789
19173376,76.9000015258789
19177472,76.9000015258789
19181568,76.9000015258789
19185664,76.9000015258789
19189760,76.9000015258789
19193856,76.9000015258789
19197952,76.9000015258789
19202048,76.9000015258789
19206144,76.9000015258789
19210240,76.9000015258789
19214336,76.9000015258789
19218432,76.9000015258789
19222528,76.9000015258789
19226624,76.9000015258789
19230720,76.9000015258789
19234816,76.9000015258789
19238912,76.9000015258789
19243008,76.9000015258789
19247104,76.9000015258789
19251200,76.9000015258789
19255296,76.9000015258789
19259392,76.9000015258789
19263488,76.9000015258789
19267584,76.9000015258789
19271680,76.9000015258789
19275776,76.9000015258789
19279872,76.9000015258789
19283968,76.9000015258789
19288064,76.9000015258789
19292160,76.9000015258789
19296256,76.9000015258789
19300352,76.9000015258789
19304448,76.9000015258789
19308544,76.9000015258789
19312640,76.9000015258789
19316736,76.9000015258789
19320832,76.9000015258789
19324928,76.9000015258789
19329024,76.9000015258789
19333120,76.9000015258789
19337216,76.9000015258789
19341312,76.9000015258789
19345408,76.9000015258789
19349504,76.9000015258789
19353600,76.9000015258789
19357696,76.9000015258789
19361792,76.9000015258789
19365888,76.9000015258789
19369984,76.9000015258789
19374080,76.9000015258789
19378176,76.9000015258789
19382272,76.9000015258789
19386368,76.9000015258789
19390464,76.9000015258789
19394560,76.9000015258789
19398656,76.9000015258789
19402752,76.9000015258789
19406848,76.9000015258789
19410944,76.9000015258789
19415040,76.9000015258789
19419136,76.9000015258789
19423232,76.9000015258789
19427328,76.9000015258789
19431424,76.9000015258789
19435520,76.9000015258789
19439616,76.9000015258789
19443712,76.9000015258789
19447808,76.9000015258789
19451904,76.9000015258789
19456000,76.9000015258789
19460096,76.9000015258789
19464192,76.9000015258789
19468288,76.9000015258789
19472384,76.9000015258789
19476480,76.9000015258789
19480576,76.9000015258789
19484672,76.9000015258789
19488768,76.9000015258789
19492864,76.9000015258789
19496960,76.9000015258789
19501056,76.9000015258789
19505152,76.9000015258789
19509248,76.9000015258789
19513344,76.9000015258789
19517440,76.9000015258789
19521536,76.9000015258789
19525632,76.9000015258789
19529728,76.9000015258789
19533824,76.9000015258789
19537920,76.9000015258789
19542016,76.9000015258789
19546112,76.9000015258789
19550208,76.9000015258789
19554304,76.9000015258789
19558400,76.9000015258789
19562496,76.9000015258789
19566592,76.9000015258789
19570688,76.9000015258789
19574784,76.9000015258789
19578880,76.9000015258789
19582976,76.9000015258789
19587072,76.9000015258789
19591168,76.9000015258789
19595264,76.9000015258789
19599360,76.9000015258789
19603456,76.9000015258789
19607552,76.9000015258789
19611648,76.9000015258789
19615744,76.9000015258789
19619840,76.9000015258789
19623936,76.9000015258789
19628032,76.9000015258789
19632128,76.9000015258789
19636224,76.9000015258789
19640320,76.9000015258789
19644416,76.9000015258789
19648512,76.9000015258789
19652608,76.9000015258789
19656704,76.9000015258789
19660800,76.9000015258789
19664896,76.9000015258789
19668992,76.9000015258789
19673088,76.9000015258789
19677184,76.9000015258789
19681280,76.9000015258789
19685376,76.9000015258789
19689472,76.9000015258789
19693568,76.9000015258789
19697664,76.9000015258789
19701760,76.9000015258789
19705856,76.9000015258789
19709952,76.9000015258789
19714048,76.9000015258789
19718144,76.9000015258789
19722240,76.9000015258789
19726336,76.9000015258789
19730432,76.9000015258789
19734528,76.9000015258789
19738624,76.9000015258789
19742720,76.9000015258789
19746816,76.9000015258789
19750912,76.9000015258789
19755008,76.9000015258789
19759104,76.9000015258789
19763200,76.9000015258789
19767296,76.9000015258789
19771392,76.9000015258789
19775488,76.9000015258789
19779584,76.9000015258789
19783680,76.9000015258789
19787776,76.9000015258789
19791872,76.9000015258789
19795968,76.9000015258789
19800064,76.9000015258789
19804160,76.9000015258789
19808256,76.9000015258789
19812352,76.9000015258789
19816448,76.9000015258789
19820544,76.9000015258789
19824640,76.9000015258789
19828736,76.9000015258789
19832832,76.9000015258789
19836928,76.9000015258789
19841024,76.9000015258789
19845120,76.9000015258789
19849216,76.9000015258789
19853312,76.9000015258789
19857408,76.9000015258789
19861504,76.9000015258789
19865600,76.9000015258789
19869696,76.9000015258789
19873792,76.9000015258789
19877888,76.9000015258789
19881984,76.9000015258789
19886080,76.9000015258789
19890176,76.9000015258789
19894272,76.9000015258789
19898368,76.9000015258789
19902464,76.9000015258789
19906560,76.9000015258789
19910656,76.9000015258789
19914752,76.9000015258789
19918848,76.9000015258789
19922944,73.0999984741211
19927040,73.0999984741211
19931136,73.0999984741211
19935232,73.0999984741211
19939328,73.0999984741211
19943424,73.0999984741211
19947520,73.0999984741211
19951616,73.0999984741211
19955712,73.0999984741211
19959808,73.0999984741211
19963904,73.0999984741211
19968000,73.0999984741211
19972096,73.0999984741211
19976192,73.0999984741211
19980288,73.0999984741211
19984384,73.0999984741211
19988480,73.0999984741211
19992576,73.0999984741211
19996672,73.0999984741211
